002885
005359
001436
006329
004546
008405
007384
001322
006595
003534
001444
006064
002423
005794
005741
006037
001348
002695
005727
004364
006021
006017
006010
005913
006029
005911
005030
006870
006014
002676
008769
006003
006286
002967
004789
005963
005726
005701
002642
003365
006532
009832
005837
010020
009919
005742
010154
008312
005789
006165
009499
010321
006540
010454
010473
010060
010245
005781
006854
010567
000009
000837
010633
005764
003030
005854
005631
004964
004231
000730
007032
001184
010720
010721
010764
010847
010255
010900
006379
009553
001173
001247
001241
001417
001221
009473
008017
010919
010861
010944
000685
006013
009566
001244
005485
011033
011034
006759
011079
003519
001238
001217
011102
000698
001226
001264
007171
011128
000595
006365
006364
003638
003632
009955
001213
001142
001220
001146
001230
001228
001156
001601
001267
009728
011226
011092
006576
001233
006385
011297
003057
003682
006251
011302
011309
004705
006026
010590
001182
001116
009567
006679
000847
000744
010086
000848
007698
006811
000929
000953
003462
002096
006269
005871
005735
011467
005651
002711
010589
011123
008751
003684
011507
003134
002131
005672
006354
006680
005340
006597
007023
001294
000941
001282
009537
010365
001962
006592
001114
001258
011576
006834
005859
011588
006208
008503
002116
011607
009750
002124
005892
011626
004582
010254
007108
011655
003013
011700
009676
011723
001214
001197
011197
011477
006002
011772
011774
009946
010238
008600
005325
000394
010150
008003
004646
004644
000003
007974
004081
004558
007784
004249
003920
011478
007318
007313
003722
007135
000868
003375
009487
003361
007043
003226
001853
006946
006978
011162
006886
006804
006170
009586
001194
001972
009737
006560
006371
001256
011183
010882
011647
011476
010878
011850
011849
009608
002582
005457
011894
011893
008552
011913
006047
005953
011936
005964
011946
010548
011945
004254
009934
011978
005812
001261
001431
001141
001177
001376
010404
000646
000002
011991
005177
010381
012019
009319
005948
005910
012058
006007
000918
009475
000925
012080
012083
012085
012084
012105
012116
012122
005795
010995
012143
006091
009510
006089
009509
009539
011627
010781
010210
002977
012159
011056
012181
010578
009583
006086
000298
010105
005802
011322
001424
002286
012220
012215
007477
001284
001300
011131
001170
003136
006733
012261
000388
000892
010760
011367
002535
011121
008016
001365
002028
012292
012300
010889
007605
012307
012086
012308
012324
011498
009830
008556
006932
010284
010064
007152
010839
011800
012346
010378
011438
012357
010079
003441
011727
007232
010352
009141
011326
010774
012373
008722
005618
012390
012389
010752
011097
012383
012384
012399
008224
011867
007471
008536
012149
012447
010448
010047
012460
011678
001135
001155
001677
012012
012476
012394
011545
012488
010389
000709
011203
000132
011362
012504
005732
005695
012506
011690
000577
010651
001283
006348
008398
006724
011487
000696
010112
001723
012557
012579
012580
012582
006858
011876
005919
011387
011061
008779
008773
006510
012615
010913
011519
012639
012641
010426
011130
012659
012658
011920
012669
007188
007749
004054
006683
005487
005659
012680
005429
008602
005899
005896
012156
010049
002981
012684
008628
012682
001027
001131
002009
011546
000150
012707
001257
011643
005462
004859
003721
012769
011520
006996
011206
006907
006891
012791
012440
006273
005829
005772
007954
006019
008237
010109
008752
010525
006692
012813
001863
001426
000383
012829
007211
001437
011494
001974
000945
006044
011453
003362
010276
010813
009921
011216
007225
011496
006774
005920
011499
007370
002039
009231
012153
006927
010371
009584
012866
012876
012340
009363
009300
004531
009579
012892
003122
008689
007573
002537
011923
009564
002364
008715
001218
010410
005603
001107
000777
000752
002006
005170
010221
009721
009638
008342
010263
008340
010257
001669
009924
012305
009623
009489
010181
011070
009228
011500
004499
000846
012196
000035
004293
004163
011418
004034
010881
012618
012871
007371
007356
009270
000999
009254
004040
011575
010496
009495
009426
001377
009247
006871
006785
011213
011373
002909
010458
012885
012285
005289
002920
001425
011132
006380
010076
009219
008190
012636
000921
002181
000099
011285
012290
010391
005865
011646
010440
009355
005535
004451
004449
010289
010288
010099
010173
004422
004402
004400
004003
011411
009287
002703
002698
002693
012430
002013
001179
000113
000867
001674
011826
012315
010591
001246
001242
012018
005389
004408
010287
003041
013037
013023
010722
010361
013027
006581
009168
010509
010405
010947
002032
013032
011323
001275
001263
001136
002034
013041
009672
013042
012104
010908
010833
007772
011424
006726
009399
012418
008747
007083
011775
007871
006839
004442
008702
013078
012435
012688
008325
010174
009594
001438
009679
010954
010447
013102
013096
000935
013097
010637
006008
011459
000955
006069
009135
009517
001410
002391
010736
010658
005420
011064
006749
011828
013122
010681
013128
009516
011462
013129
003055
007075
012604
013142
001406
011875
001969
013146
003435
008000
013154
002856
006756
004453
008596
011214
003172
010184
004653
004579
004549
006306
012463
005448
009493
001430
013181
011169
003015
011176
008226
012408
011816
010399
005688
013193
011731
005557
009989
013197
005927
010543
011337
003297
002973
002873
002271
002267
002265
009519
009170
013199
009624
013207
000897
012498
012690
012497
009506
000248
001148
000917
001734
012788
003780
000937
009864
009678
013024
008119
013234
013233
011503
008480
005247
009324
011155
008647
013239
004378
010540
002043
000201
000066
012883
005785
011415
002620
002860
011414
009765
010014
004214
005720
009563
010053
000896
009618
012151
013469
010180
003658
010007
010586
009528
008031
010851
012631
003984
005881
013492
013488
011210
011583
013493
006104
006102
011228
006085
012673
009328
005537
005440
005412
013511
005318
005215
004793
009481
004760
004631
009345
004244
010274
011267
003000
011127
011907
002570
002268
011240
005857
013521
012433
012193
010290
013525
010116
008770
004583
009861
010042
006095
006074
013530
013528
010795
005694
013535
013534
006910
013563
000853
011091
011552
013564
011521
012333
000760
012246
001728
011672
011431
013569
010499
003002
008593
007316
012527
010354
008130
007876
010293
007254
010936
012115
003904
003025
002706
008754
013596
013599
011063
009202
013043
009957
011623
011456
011244
010533
013607
006065
002010
011536
013610
013608
000507
009396
009156
013613
001134
013618
012142
001997
000027
011633
001000
001427
001868
013626
008234
010875
010480
006097
005348
003014
013636
013637
013646
013645
006317
011032
010542
002936
006778
011143
012242
005206
003243
012571
011434
006846
006845
013673
005473
010556
010910
001205
004643
004443
001183
013139
011236
001180
001699
001697
001124
001291
001202
001465
000370
001628
000912
002870
001593
002061
010600
009322
000318
010179
000074
000814
000497
000064
011352
009546
001479
010507
001147
000409
011903
009760
012989
009180
011512
008466
011336
009749
005365
009376
004203
010026
010788
011616
010816
010771
002101
003203
003826
012331
001545
009368
001178
000855
001126
012804
006241
012516
000012
013717
000728
000007
000564
000988
000014
000583
000690
000710
005061
013735
002608
011440
011445
013741
009958
005853
005852
013753
004648
011218
013754
013756
013755
011351
010718
013757
006005
013012
000129
011990
000445
012025
012617
012599
001404
005706
000765
012483
013785
012512
012066
012024
000832
011340
010355
011778
009644
000193
000747
000023
000699
010503
001827
011541
013789
001595
012051
013114
009409
010915
000665
010583
006015
008712
008601
009482
013796
008437
005870
005475
013808
013812
004520
013810
013809
009263
013823
012123
013819
013833
005630
007717
007643
000221
012237
000212
010708
013831
013834
013835
013839
011501
010778
003215
013848
007458
013850
013854
011801
010038
003809
010639
009574
002262
005690
007636
012974
003639
002627
007705
013866
013868
013867
011696
011932
012971
012337
004005
013597
008202
013873
011877
001292
001662
011307
002027
011215
012347
001372
002876
010547
013112
008783
010476
012551
012177
006786
005401
013895
011714
013894
011234
013900
013904
013905
013902
012429
002223
010769
007196
005621
012653
000122
011912
011998
004109
013671
001986
010783
003759
000975
000380
010300
010435
009175
011565
001212
005508
008089
006079
013917
012055
001785
011634
001371
009796
000749
000894
000964
001642
001428
000981
005067
009332
010384
000966
003644
013927
001966
000984
012199
000990
006100
006088
010765
013975
007255
005866
005826
011308
000297
011423
012493
011553
010592
012317
001583
004342
001702
009189
001144
011564
011408
002048
000549
000534
013932
002931
005327
007859
010649
003649
010481
013940
013979
011528
006081
013115
011674
012166
013033
005479
012549
005459
005432
005423
005220
009585
011989
004834
004817
004762
010667
010646
010125
004377
004375
002211
004344
004343
005223
004217
004208
004078
001989
004057
004016
003961
003831
010430
010159
003648
003623
001708
010835
001112
003551
013136
003473
001125
003436
003194
000143
003054
001113
002937
002934
013967
002847
011810
011618
002681
009598
002653
002616
002565
002385
002365
009965
002327
002191
001977
013211
002117
002098
010852
011746
001347
010008
001006
010208
010652
010485
009943
013623
001100
010598
013984
010373
009527
013987
013986
011170
012976
013566
012587
013990
010775
013993
010450
005967
005961
010104
005864
005796
005766
010550
005707
009552
006363
014014
013978
014017
004190
011241
010612
007720
004144
012060
013495
014023
014028
014025
008782
013090
011024
012032
006867
014032
010626
009920
010945
011225
009511
011858
011681
013817
010951
006633
002012
010502
000857
011527
013702
012679
001644
000852
010490
010204
010539
012260
011529
014046
009936
013804
005824
010546
009703
011982
014051
003100
014050
006561
008108
000170
000154
010351
010840
010052
010468
009163
010461
009689
007624
014067
014064
003477
012049
011523
009622
000948
013113
007087
014063
000936
000946
014065
014062
014061
010941
012235
010564
013242
011986
000748
014069
000185
009926
000531
010957
006825
010433
000776
009401
011603
010748
006027
005883
014078
003301
013156
014083
010062
014081
014084
013135
002037
009683
012146
009997
010725
000139
010356
014082
011873
011947
012148
005847
008493
012484
014091
011181
014090
012513
011444
000204
010685
012045
014089
008710
013600
011687
007360
010950
014100
010726
001525
011437
014097
009941
001850
014099
010593
010544
011486
010575
011684
012600
014102
006054
008261
007639
013721
009548
005740
006094
009346
012241
003381
003083
006012
011666
008678
008674
013467
008654
008608
008585
008594
008440
008255
007830
007646
007642
012884
007475
007467
007461
006656
012100
012099
006350
007611
013524
014109
011306
011305
006537
009476
007252
014112
010514
014113
014115
011645
009843
012309
000028
010362
014121
001123
014118
010452
009625
012017
014119
009758
000088
010364
010948
012468
010420
014128
011042
002229
010594
009827
014131
003802
009377
010041
011338
013144
011609
013170
014135
007533
007860
010302
000148
001980
000419
001509
002002
011008
013573
001660
009251
000755
012709
010911
010358
000120
008684
010224
012303
011055
008504
009994
011138
008310
007828
007105
007102
007084
006190
010655
005595
014139
005326
012330
002531
011364
006922
008362
010303
008318
008314
008125
011014
007955
006986
006985
006101
010574
014155
001774
001119
012825
000887
010380
011391
014150
001109
014149
009845
014098
014148
001624
002571
001159
003725
011658
014161
009899
013107
013568
006057
014160
013694
011848
001014
011243
011081
001350
010275
012958
014167
006983
002688
002292
010791
014169
013674
011031
002046
012158
009413
002000
004136
009882
000786
010198
014168
009634
001351
014175
006314
002321
007754
014177
014104
006034
009235
006815
010189
010016
008761
011718
008620
008122
008022
007170
006603
006298
008748
005930
005827
005779
005770
005757
009950
007101
013200
010921
013517
010621
010222
009834
010933
014182
012640
012634
003058
014184
000639
012379
011767
002645
014187
014193
010604
013805
011279
010295
011348
010757
009214
011933
005044
010163
010713
014190
011180
004454
000474
001631
002026
011154
010790
010827
007231
011229
014198
010183
010584
013232
011017
005051
012314
003994
001987
012268
012264
014195
000240
010832
010820
006024
006016
006004
006187
009738
005585
010647
011104
010025
014200
005605
010061
011944
009479
003998
011569
003870
013886
014204
014201
002850
006096
014206
006060
010034
001784
005447
005443
014202
010482
001861
012499
011199
000593
011142
000105
010432
014209
014208
010193
014211
014212
006073
011139
010909
000890
000889
011581
012547
011386
005157
011896
013245
009494
009310
014004
011372
001185
009373
013614
012635
005988
009828
010974
005966
010129
005323
005952
014079
014219
011667
005840
005783
013695
006971
014213
011535
012326
014214
002228
012448
006252
006220
014223
013651
001548
009998
008448
009536
014217
008316
014215
014218
007811
007803
007799
009276
014216
001618
000416
007239
001293
009245
009290
012646
000426
006888
001408
001236
001281
013468
007951
000621
014227
000591
010703
001362
011562
000773
012266
001763
013685
009637
009627
013575
001483
013683
001270
001359
014226
000385
009883
008707
008207
012002
011548
012818
009877
012293
010387
011030
012664
014236
009233
008058
008040
007601
009742
010182
010416
009474
007527
009261
007385
007358
007359
007190
007584
003489
007096
012329
010838
006890
005442
014237
011689
010425
010431
009649
009911
011233
000944
012070
001849
007228
003605
001851
000762
001859
000254
011238
011320
007503
007275
012380
007278
009144
007125
010408
006594
006591
006361
011156
006202
006201
006194
009863
013034
011717
013806
013145
011057
013464
012482
012877
007824
011454
013844
003583
011518
013058
002679
009810
009534
012377
006296
002237
014244
011059
013213
013512
008002
009912
013143
006072
010070
005922
005868
009325
011493
013740
011458
012296
004385
004088
013203
012797
014248
012359
014247
002308
002144
010800
002983
002965
003835
003072
012043
002195
014250
012044
010519
014256
011543
014254
014253
010215
007423
007368
008306
010421
006511
011571
014262
010285
002272
008776
011196
014264
007918
014266
011589
003254
014269
005687
005418
012136
009725
008759
010427
002041
009629
009351
014274
002031
011871
009146
001344
010599
007332
007200
012800
006536
014277
009716
010186
014279
012020
005299
012400
011125
003596
014278
014273
014094
013650
001286
006219
009701
014156
013899
014284
014285
014286
011299
009485
012117
010873
004179
010876
010492
014288
010869
014290
014296
012803
014297
014298
013720
011390
013662
009182
010383
010946
000399
009542
012574
010779
000977
014294
000068
011168
011384
001460
001985
012810
014068
010089
000141
009252
012565
000135
001967
000134
009884
002019
000121
003392
012120
014299
012320
010228
012436
010412
010192
010187
010118
010772
005653
005989
003481
011235
003010
003047
012141
005728
005730
005729
011224
002966
012833
002049
009297
010470
006279
010776
009569
010299
011430
011379
014305
008622
003241
013907
011742
012633
005156
003784
014307
007309
010467
011505
012832
011745
009826
005683
008720
009736
011670
003948
011878
010214
011686
010043
006796
006294
014309
014310
010497
013494
011506
014316
002119
014317
006829
005945
010272
014318
009657
012297
003718
012969
010786
014324
014323
014029
005647
014321
009647
003843
011526
003420
011058
010741
002733
002389
012638
014326
000623
002053
009285
011122
009704
010032
011827
014331
010733
014330
008544
013174
010814
001435
014338
014340
005354
012561
013780
000875
003284
000874
011160
011640
005900
005815
005711
010106
003142
003724
006695
010046
012306
013985
001459
010449
000324
011531
000506
002816
006542
010566
009173
005090
014349
002322
002235
007939
005872
011941
005305
005140
012595
003330
002982
012556
010561
010532
008344
010520
005396
009764
003070
008439
009729
010397
001025
000979
013749
009199
000346
000994
000299
013050
000998
011436
000992
006387
002416
001343
011083
010281
011332
012715
011586
002383
011702
014355
013842
005381
010768
011567
013845
014287
010871
013690
010842
014210
003589
014356
011943
011568
012114
009872
012328
007515
014239
012150
005768
014328
007771
005529
009480
013638
014159
010872
011673
009265
011695
008745
011926
007088
006682
013771
013644
012011
011602
012464
000160
014071
000947
001619
000865
012566
000928
010359
011281
001965
001132
014358
007253
014271
012894
008391
008113
011455
009815
011421
012578
012903
005421
012287
012415
004481
005233
003748
003621
003222
013456
002922
013901
012701
010413
002202
010930
014372
001668
013688
009323
012569
013459
013663
009512
001855
000895
000288
000242
005146
005142
014369
000422
011578
011930
000866
014373
014371
001469
001478
001994
011621
002033
010607
000289
001742
011314
000398
003655
011009
007230
003610
012675
012490
000996
011429
011007
002946
006699
001865
009712
001234
014137
007338
005817
010634
009551
014383
010613
007919
014377
011601
003695
010207
009713
006168
006349
014088
000323
000173
001143
000286
005028
009352
012696
000592
013783
009589
014385
001570
012079
000262
014379
014386
014376
000993
009503
009500
012700
000311
014272
010235
001470
006806
011082
000117
002293
014378
012705
010048
012368
014389
012360
010232
009692
004166
004165
003591
003564
013490
011584
006524
008652
010443
001360
000533
000641
014390
014392
010531
009472
012057
009797
012319
014242
014394
007243
006758
006579
008015
013768
005383
013089
005782
005769
005765
007355
011677
007930
007827
007737
007554
007545
006924
010582
006544
013687
005379
001015
014037
013938
012805
011872
014397
000743
009757
007400
014398
009617
011802
012010
003205
010367
006376
014263
014403
007724
010868
003971
012325
004914
007843
004043
006506
014405
010700
010640
001337
013069
000942
000001
000004
013705
001712
011559
000822
010012
013758
012072
014194
001711
011202
009931
009225
007284
002900
008655
009360
011295
012048
011561
011357
008301
007895
010555
006574
000520
003820
001363
013672
009939
013180
001549
000536
007210
011549
000502
003046
002968
014409
007391
006844
006043
014416
001730
000011
010782
001262
012878
013070
000186
009680
001219
013021
001378
012238
002020
012495
006636
008716
011887
013073
005453
014418
007575
004037
004656
013879
012157
006022
006009
013036
011984
009305
000184
009823
010230
010082
005145
013988
013153
014047
004545
009841
004490
004766
011537
001645
009748
000188
009735
011680
010056
003329
011188
000565
013888
002812
002656
001719
002256
012424
000182
014166
013166
007354
006605
008508
014425
010622
007949
007215
007074
009880
000850
009846
000864
000898
001248
011995
009873
010753
011556
007753
012419
001839
010446
001700
001195
011173
014426
010368
013162
002210
001654
013478
000239
001206
009730
011333
006145
014265
008648
005377
011497
014431
010315
014024
011664
010158
003710
007100
014430
004100
014429
011157
005811
010884
012351
010777
011582
008008
014438
002404
014073
014440
005646
013807
014437
013939
003980
013471
012481
003325
003407
012078
010893
010512
000049
001551
001550
010728
002038
010704
013227
003925
001706
012001
011953
013792
003121
000080
011524
011316
011895
001357
006078
005874
014447
007312
010860
003986
010418
002125
010952
013447
003182
007333
012830
009304
014060
013486
006601
006598
011890
011709
013631
010614
011047
001097
003285
012879
010793
014451
011882
011662
014291
006866
010999
014138
009996
014391
009349
000266
010608
010723
014414
000448
013786
009293
011329
010451
001829
010642
012492
014456
012573
001707
001866
001999
000660
010164
013103
000167
014457
013470
010111
002580
001791
006366
008651
000062
013571
000812
013703
011150
000579
010294
010602
003907
012528
012518
010382
010717
000836
000412
012052
000454
014458
011141
011100
012152
006025
006018
011798
012886
013641
008319
007517
005685
010515
012185
005059
013533
014460
013496
004641
004226
012900
007556
003940
003613
003540
014459
003124
002521
002378
010787
007319
008578
011910
014462
009922
008392
014453
014464
011227
007373
001717
010153
014465
004611
014455
007236
006489
001129
012137
014470
011114
010766
011077
010094
014225
009403
002646
010994
008739
007842
007081
009591
010029
001325
011365
000519
007783
009268
014070
014468
007456
003754
000906
001401
001412
005917
014476
000171
009244
012708
001445
001852
000133
001539
002024
001596
001416
000603
001585
010538
001718
010444
007673
014484
000047
014483
000058
001676
000408
005167
005162
014481
012568
001988
014479
001739
013617
012270
012592
014478
011021
011020
011350
010493
013928
014477
010252
010195
011186
011522
007511
005625
006994
003239
010212
004844
006186
007778
007159
009860
009496
007307
010819
014189
001692
000783
014052
012491
000110
000891
001815
000851
009280
009350
014136
000127
009674
001652
009174
011103
001566
011153
010727
010755
011551
001837
010486
000016
001020
011492
009881
010709
001604
011892
012269
011724
009412
001760
001766
009632
009588
013668
011172
000824
003531
011371
000830
000854
010488
011999
009529
014127
011698
011619
012508
010301
013784
000083
012496
001761
000813
001808
013246
010719
011813
012198
012414
000241
012523
011516
001771
012236
012559
010002
001648
014171
010437
010756
010504
011406
010001
009837
000249
010479
009286
014120
013574
012291
013682
011540
009222
000243
001754
013458
014493
009281
000096
001973
000223
001755
014494
014492
010297
006207
006206
005669
014497
005395
014066
004234
010551
013454
009811
002091
005844
005823
011489
005771
006011
014304
007757
014018
005498
011763
013822
004758
013934
013910
009746
013126
003997
003546
011675
002947
010630
002260
013616
012712
012068
009655
010110
001836
000156
010071
011178
001482
009557
012514
000784
014507
010199
000959
013612
013779
013570
000161
012567
012789
012334
001561
010004
011152
012313
014508
009348
009374
000552
010588
013719
009671
009592
002018
006140
001792
001504
006788
007967
003212
003114
010073
006082
013856
008743
012782
007800
011713
011538
009582
013802
003166
012332
011280
002814
014229
009621
009889
009891
010273
009264
000886
009656
014114
012790
011654
010022
009267
014521
005617
009992
012401
010240
012585
003588
002586
010880
011045
007138
006316
014347
004223
007523
013871
014495
009995
012465
008044
007079
011146
010379
001737
013071
001846
014514
001133
000900
009681
010445
009915
001487
014026
010601
014517
001499
014520
001979
013218
001514
002546
012345
014518
007829
007398
007464
001743
013686
012065
011554
001858
010011
014531
010511
009925
009269
001993
010415
013670
010965
001486
012267
000319
009147
010360
013642
012228
013622
010090
002655
006943
006338
006590
014532
013912
013909
011929
011928
007086
012263
011273
010953
005352
005273
004833
011758
005634
011659
011653
011472
011660
003731
006803
002820
009739
002372
002255
010849
011759
007877
004482
009770
007320
007134
010243
006357
012439
010943
008324
012344
012289
009560
013192
003706
010891
011080
014173
003116
013739
012987
012872
012254
002357
012637
010770
009914
006050
006049
009507
013588
014523
010920
014303
006035
010475
013053
003447
013060
006215
004071
011585
003174
002567
009192
010123
006291
002136
014543
014058
011797
008486
010015
012302
011247
012857
008550
008240
007970
014016
005678
004390
005668
010645
005530
009573
011652
014545
005677
005251
011766
013744
013847
008396
012169
009356
004754
003492
014053
004662
004049
004526
009705
010308
004470
007831
012321
011484
004273
004243
011712
009372
009972
011866
009186
004157
004135
007667
004787
012870
014311
012339
011911
011906
011539
003723
011534
009208
010562
013598
011158
011071
011313
011615
003572
007899
003476
011115
014544
012882
012295
003429
012108
011211
011249
003140
006809
002980
012184
010039
010864
002324
009718
002246
002109
014145
014143
007342
008749
008494
008360
008011
012887
009364
011969
007684
012747
003077
014550
004940
004794
004601
012189
014549
004021
003823
004578
011768
003086
002193
009944
007892
007710
007704
008471
011466
009453
012443
010712
001546
010597
011136
014553
014552
001655
004925
012787
013147
010209
014295
014556
009191
011997
001538
010758
011315
003624
003463
010088
001106
009633
014555
001623
012274
014339
010865
011762
014551
001709
013210
008223
007449
011885
009382
014564
007314
012778
001118
005300
014572
001649
011177
008323
005933
007668
011374
007770
001523
014571
009643
011334
013244
012794
005809
003548
007112
000054
012918
006935
014557
002641
006419
005713
010155
009636
000880
010097
001568
001565
001498
001571
001563
001569
001586
001729
001556
005361
005288
011442
013019
000236
005045
001721
001722
009338
011443
010729
013094
009565
009201
003966
009940
011363
011016
000463
000479
000478
010436
013763
012338
011175
012009
013742
014566
011349
014565
006521
013747
007519
009731
007180
005046
007119
011857
001748
005615
010403
010044
013148
012564
000303
005408
009620
010724
009847
014126
005098
001656
001476
009145
012053
011992
001584
012225
011366
011167
012310
010836
014583
013480
000155
000169
012412
013476
000015
000008
011184
000758
014576
009190
003825
013679
000759
013159
014577
000092
000091
013137
001983
001751
001821
014584
010165
009885
011557
001433
010087
009371
000938
001598
013716
009677
002541
009177
010000
010914
000123
001457
009411
010307
011868
001807
012071
014035
009698
007512
011792
005173
002248
006204
012746
014041
012986
013465
005495
005441
000920
002008
001809
012226
001701
010434
014592
009640
001780
000237
004026
001215
009358
003916
013767
013994
013759
001670
012507
000219
012437
012392
000106
001434
009642
012502
013235
010707
001627
010595
010956
010596
011574
012697
011140
011149
000934
010176
010939
001968
001592
011358
008630
014594
011219
007885
010611
009615
011704
007397
009194
014325
010156
006236
011298
008774
008775
014313
008771
006972
006894
010841
011632
000274
014595
000036
001765
009844
001732
009933
001171
010635
000178
001603
014092
001735
011711
011432
009486
011495
000061
001513
014096
001501
012312
000751
011377
001740
011433
010005
014151
012197
001736
000794
012046
011209
011620
013794
001773
012069
001519
000433
000923
011825
010508
009999
006709
002833
010013
011407
009538
013774
006538
000086
009353
014435
007785
014396
009375
011488
012140
005908
012416
011179
014602
010587
009938
001461
009761
011897
005543
000325
010912
014605
009136
013643
011525
011321
002040
001733
000179
009626
012050
004425
009502
000041
011612
009395
004177
001749
004104
001458
014603
011994
009505
001399
000283
001462
000166
000165
009410
013138
001981
011361
002274
012073
008404
012130
006562
008695
008663
014619
008667
014005
010650
007562
013772
011701
000162
005570
000355
009543
000885
002011
012147
010710
011968
009318
000284
013718
001854
000285
004628
001466
000128
004376
012863
013030
013846
000667
000190
001454
012378
012247
001860
011732
001870
001463
014614
000328
001432
012480
001532
000235
002029
001622
010107
000354
000312
010661
010510
000183
001871
001591
014519
003425
013970
012703
012417
011513
011491
014618
011084
014554
010938
011692
009282
014255
011107
011018
010229
009641
012438
001626
009294
010442
000943
013980
013920
011276
001964
014033
014612
014617
009367
007714
010883
001671
010357
010298
000407
011420
009283
013781
009631
009930
001326
011996
013931
001720
011006
000030
014410
010513
001747
001996
011435
009335
014228
000006
013890
013615
001540
013624
000958
001589
011563
013669
010987
000754
010759
011019
013031
009221
011460
012521
009876
012984
001607
010178
012265
013479
001328
000168
001813
014621
000753
009181
000446
009334
009848
010491
013704
009336
014506
009450
011022
014443
001713
009932
013945
000901
012522
001963
001327
000987
001643
000980
010716
013091
009289
006146
012487
014030
011761
009246
011819
000317
010372
001455
002005
010998
012413
001998
001746
009874
009628
010306
000308
009205
001467
012205
009978
012227
010714
014623
001971
014238
009886
014170
002233
011558
001790
014625
014499
005880
005798
005786
005699
012385
010935
010157
009741
001590
000820
014125
005060
001472
010166
001477
011359
000798
002035
011805
011485
011879
004132
012112
000888
001615
003470
003293
009260
014312
012095
001021
001629
002892
011786
002765
001744
002370
002132
013821
014591
014626
011370
012258
012250
006098
005246
011311
010175
004530
003931
003666
003281
003233
006881
006831
002942
002884
002599
002421
002388
010530
005355
004977
005137
013942
014628
011566
009857
013827
014629
007334
001725
008346
008375
010663
013903
014087
005415
002801
014048
011468
014474
007844
007099
012606
014631
011109
010711
012524
005369
010168
011463
012107
012067
001653
001814
011668
009609
000191
009513
010730
007524
013098
013079
001471
011869
001638
009419
010916
001616
011171
013099
011023
000985
013736
010523
006061
007056
006033
008233
014038
008218
010172
007591
007495
006046
007388
007289
007229
007026
006780
006742
006741
006374
010313
008542
014055
005619
012054
009256
005290
000658
009684
000815
000816
009766
012839
011312
009862
000705
010037
010291
012168
001555
013219
010761
013761
012027
009942
012938
012915
000956
003773
001587
000729
010149
000669
010028
013455
003274
014636
009715
010958
003193
010801
002861
010695
010684
000695
002566
013463
010375
010975
001823
009682
010292
011635
005861
005797
005761
009913
010569
005209
011220
005091
010312
014638
010066
014002
003529
003494
007030
003107
012908
011250
012155
006909
008746
005652
014639
004174
011319
013221
011710
014080
014165
006940
014085
011572
008315
007845
010484
014015
013231
003305
002666
002621
003673
009471
009451
008024
010407
007663
006965
012427
005452
003751
009908
012678
011343
014640
003210
009727
002250
012676
014641
011327
012459
009991
008688
005593
010202
011769
005214
009907
008263
008189
004840
010055
004587
010021
011881
009686
013941
014174
010528
003988
007431
003880
011475
010267
009266
009970
011611
003501
007161
014642
010234
013800
010409
003282
014643
009155
013791
002664
006264
013061
014645
011880
014648
014649
014647
013751
014176
013851
007621
010624
007020
014650
013795
006833
006766
013632
009378
005682
005600
014027
014022
012180
005467
010203
005329
004972
004960
012103
004826
014651
010311
010191
012286
012519
004198
004552
003474
003349
009195
003118
014049
003069
011062
006120
008560
010190
009333
011207
012288
010319
007204
007199
012475
007002
007132
014353
010080
012681
012298
005398
005397
005351
011385
005245
010798
009988
014306
009217
013201
004938
004704
004765
010940
004685
008026
014653
004605
004577
004508
010620
004262
014336
004189
010280
009954
009694
009695
014021
011908
003788
010472
003672
009653
003650
003552
004387
010233
012517
014183
009697
012076
006982
011204
003147
003004
011917
011451
011617
014320
010374
011108
014652
002317
002254
009522
002108
010251
012901
010419
005578
005560
009380
011651
014042
005336
010216
013865
013863
011427
012632
010024
004178
009892
013880
014003
014585
007245
003625
010402
010063
014655
011060
009910
006205
012525
014095
007157
012132
011346
014186
014657
009909
009732
002127
003728
010171
009213
004186
010762
002933
010463
002065
014656
013852
012648
012530
013976
008644
014659
010078
010623
006355
014593
008334
005042
014019
014436
014421
011439
004627
004626
004280
007756
014086
003409
010422
003391
012301
003221
010035
002373
011293
011795
009469
008764
010185
014662
005758
014663
010423
012775
007709
011163
007339
006948
011112
006292
010653
008537
012852
011093
005674
005551
005528
005526
012849
012842
005422
005400
005399
005367
005321
005089
010279
004950
004830
004822
004784
004623
003526
004379
004240
012134
010083
004108
013056
003921
009361
003750
014661
003659
009835
010669
013489
010797
003400
003161
003158
003143
009311
002412
010217
014660
012245
011679
006911
006883
003159
005347
010188
014370
010886
013220
010201
010697
010670
012644
002115
008563
008381
007971
006865
008562
007520
006045
012966
014669
014670
007184
006635
012391
008613
005433
008609
008606
008587
008565
005131
012834
011277
005057
004936
010834
004677
004592
007934
014668
014283
009341
007819
012396
007133
003238
014667
009340
012620
009342
002891
006556
013171
013977
014045
014673
014043
011542
006993
006743
008376
014676
011147
014675
008230
004242
010644
003786
013648
010563
003414
003108
002649
011779
002384
002249
009842
014674
006092
006087
009717
005833
011356
005084
005050
014678
010557
011715
009524
011811
006367
002315
010636
005048
009890
007363
013661
007093
007009
006546
011148
014683
013911
008656
011502
009417
011328
008200
010687
006288
009859
006191
009947
009161
005676
005518
005444
005271
012111
005256
005249
005239
010794
014230
005128
014469
005092
010098
009916
004798
004963
009255
014684
014685
004862
011413
012008
011067
004610
004594
012584
004175
010417
010942
013475
013453
012486
012409
009242
004002
010040
014130
003811
009556
003778
003779
003777
010265
011164
011514
012327
012322
003654
003626
013828
003617
014687
005666
013202
014686
003461
013743
003311
003263
003227
012411
010537
010526
011078
010236
003126
010565
010516
002907
002643
007292
010146
009402
002525
014054
002123
002111
014682
014243
014688
014680
011452
014679
011026
007207
010318
010885
009259
011393
008483
012135
013450
009654
012183
008741
005667
012869
005176
010844
004949
004948
004678
013746
004608
004291
004124
014689
003693
010668
014681
012642
003027
003021
010843
002221
002143
012179
008740
008638
007953
007938
012594
011294
007661
006335
007248
013830
007234
010151
014692
007080
010030
010754
006698
011859
006175
012188
011577
008570
006099
011661
009359
011580
010822
011614
004093
007619
004083
013919
003637
007203
010194
003581
010887
014694
011409
010660
014693
013872
011657
007270
014698
006042
014132
007137
012113
011068
013943
006612
014700
010534
014076
014696
005407
005292
010453
011656
011135
013700
013697
004771
013745
004607
013869
009707
010483
009599
004113
004097
014301
014695
004029
012110
003989
003922
009836
003793
014252
003608
012092
003556
003517
010400
011860
014093
009521
010213
003302
009648
003204
003103
010648
010266
014701
010169
010167
002624
014697
009581
012272
007807
009600
007648
007628
014300
007570
007473
011410
014101
007038
010657
006737
008083
014315
007353
006197
007612
014705
005805
005784
005698
010429
006859
006358
008553
008478
008397
013020
013832
004856
008085
004751
004717
004708
004686
011013
013151
010745
011683
007950
004590
009747
012145
013836
008726
009540
009646
004105
004066
014702
009239
006876
011189
012118
003979
009820
003783
010830
007310
007303
009258
011937
014012
003549
011942
014203
009365
009575
012026
009762
013898
013889
002974
006720
012799
011473
002252
014703
002118
006174
010527
002543
009990
010831
011685
007928
011331
006989
010818
006392
006255
011883
008242
011817
011790
005502
005343
005159
014714
004692
003468
007898
004551
013104
004216
013140
013766
004119
003990
009204
011682
003873
014716
010317
011642
012670
009137
009518
003563
004498
003440
003438
014717
009948
010812
012591
003026
011804
011788
012593
009596
002863
010411
002701
014504
014713
011335
002671
014142
014715
009339
008561
008038
011446
007656
007634
012500
007426
007395
014718
007124
007880
009763
006188
013110
010388
011449
014123
008580
005370
005353
012106
004797
013532
010817
012194
009250
004004
003968
003967
003963
003959
011096
003683
009236
007290
011339
013722
014719
003763
002883
012844
002303
002298
014333
002215
002194
002186
002146
013803
010027
008408
007972
007929
013770
009693
007513
014720
011648
013750
007109
014721
009956
006602
012850
006287
006239
006221
009381
008567
009838
013725
014724
006577
008129
009597
010277
004958
005036
014723
014722
013627
006987
014726
012176
007389
009724
006189
005234
014276
004974
011448
014337
012661
014454
014423
009218
014725
011474
008468
006386
006173
014727
010735
012284
014009
005710
008075
004738
007718
004172
011676
007343
002619
005308
008521
007095
012923
009354
012244
009253
004698
012304
010846
007378
013195
003717
009138
011863
003372
010239
011342
010161
011812
007182
010560
006697
012893
013815
012003
011931
011278
005077
005053
014000
008265
009967
009968
004920
009897
014732
010366
014450
014196
011292
004065
007507
003956
003814
002351
003506
003507
003424
003421
002559
011784
014044
014733
002845
002413
013647
002089
002088
004750
002058
006285
006203
014737
007867
011847
012896
014738
009224
007165
014739
006295
010923
012843
011570
012203
012388
004946
010231
011799
003395
011113
002199
010964
012848
012323
008238
009767
001794
009740
000218
013630
001867
004171
012262
010081
001805
000360
003513
001786
001978
012318
002853
001781
002652
000216
009295
009595
011120
012273
006928
006128
008005
006071
009169
010545
012925
012911
012948
012916
005550
012202
005548
009993
012954
012914
008201
004867
010250
010638
004651
009708
007863
007861
007858
004460
013100
011808
011780
010937
011791
007528
007531
009696
007364
007282
010691
010673
003618
003616
007223
003602
007021
003277
011796
011789
011770
010698
010675
011785
009296
006492
002523
011318
002367
002366
002277
013639
006192
012655
012651
006137
009369
006077
012299
010019
011669
014748
010077
010568
008243
009973
012665
013080
010859
004680
004487
002813
002569
014749
011794
005898
007233
012097
006696
011457
011803
005671
005612
005238
012702
004480
004270
013840
003830
011781
003727
010126
003313
002854
013933
010074
002583
012201
008732
011416
010690
010674
004138
002044
011187
011185
001710
014501
014270
006184
014750
014522
012575
014751
011764
008198
007669
009206
014759
008669
012776
002016
002015
010632
001507
013481
013572
011101
010162
000222
011902
008034
011330
000187
012442
012441
001788
009514
010197
004388
010414
001537
010200
007739
009878
001783
005212
012311
012154
004019
011360
001818
003945
012248
012239
000202
009271
010085
002025
000207
009580
001777
000130
014152
001872
001605
011151
012494
000772
000767
001613
000899
010196
011532
