165832
212075
95844
95842
95814
95821
95843
95839
95817
95813
147914
212043
212059
212015
212085
95940
95840
95856
95941
95857
95871
212081
95858
95896
95859
95875
95862
95863
95901
95865
95864
212071
212031
95879
95868
95869
95881
95898
95866
95874
95880
212049
95860
95877
145064
95900
95861
95867
95899
95897
95870
95876
212073
95885
95883
95884
95904
95903
95924
95923
203750
95905
95918
95902
95919
95922
95936
95886
95878
95937
95920
95942
96156
95909
95928
95911
95915
95917
95935
95914
95930
95926
95931
95947
95944
95908
140564
95966
95969
95910
95961
95968
95971
95948
95964
146359
95925
95974
95952
95939
95953
95960
95949
95946
189075
95962
164689
207086
95951
95965
95907
95945
95973
95963
96039
95938
95934
95929
240521
95950
95955
95970
95972
95927
95906
95967
95916
95912
95943
95980
207085
95958
95979
95957
95977
95959
95975
95956
95976
207084
95999
207082
95998
207080
96002
142156
207083
125445
207081
207079
96001
96004
96009
207078
95988
96010
95989
207075
96006
96005
207077
96007
96161
207074
96003
96008
207076
207073
207072
96024
207065
207069
96027
142145
207064
207067
96033
96036
207071
96019
96028
96041
96023
96030
160053
96029
207070
96035
96031
207066
96034
96038
96032
96026
207068
203751
96025
96040
96022
201269
207063
207062
96046
96045
96070
96056
96048
96077
96055
96073
96071
96085
96066
96062
96053
207059
207058
96069
96054
96074
96052
96067
96057
96042
206495
96044
96075
96051
207057
96047
207056
207061
96068
207060
96043
96050
96072
96049
207055
209773
96078
96162
96086
206476
96098
206486
207054
206469
206452
227957
96129
206429
96141
206457
96099
96126
96105
206504
206483
96134
96139
96084
96138
206503
96091
96124
96111
96140
96137
96271
96113
206514
240523
224001
96100
96096
206466
96102
206443
206494
223547
96136
212009
206465
240529
96135
96103
96094
206430
96093
96125
96115
206453
206456
96142
96116
206493
206446
96132
240525
96143
96149
96189
206480
206427
206513
96121
206502
96146
206434
206447
206424
206512
206455
96191
96152
96159
96190
96160
96150
96151
206425
96157
207053
212083
96183
96177
96210
207050
206475
206473
96236
207040
207045
207052
96195
207046
96237
96193
96192
96170
207048
207047
206433
96184
207051
207044
96238
96194
207041
96197
207049
96182
96187
96185
207042
207043
96196
96180
240527
207039
96211
96207
96204
96214
96245
96222
96203
96218
96215
96239
96199
96221
227955
96216
96198
96223
96208
96243
96220
96219
96206
96202
96241
96242
96217
96213
149153
96200
96240
96201
96212
207034
96275
207035
207027
96249
96258
96230
207036
96246
96273
96251
96233
96262
96226
207030
207038
96276
96265
96277
96261
96247
207026
96224
96235
96232
96267
96255
96229
207029
207033
96268
207032
96227
96272
207025
96228
96231
207028
96248
96225
96274
207031
207037
96280
96292
96294
96278
207024
96289
207022
96288
96295
207023
96293
207021
207018
96299
207020
207019
160111
96298
96297
96376
96270
212021
96285
96300
207006
96326
96316
207014
207011
207005
207016
207007
96323
96308
96325
207013
207010
207017
207009
207012
212079
207008
96324
207004
207015
96700
96322
96347
96356
96343
206994
96354
96329
96330
96353
206992
96341
96349
96328
206999
206998
206989
207000
96337
206993
206996
206995
96335
207003
207002
96331
96327
96338
96351
206997
207001
96350
206991
206990
96355
96352
96364
96379
96362
96378
96365
96369
96380
96371
96374
96385
96370
96387
96388
96381
206988
96368
96382
96384
145205
96391
212053
96367
96383
96392
96390
96360
96377
96366
96389
96386
96361
96375
96372
96363
96408
96423
96413
96394
96418
96426
96405
96396
212007
96412
96420
96400
96421
96415
96417
96398
96411
96434
147737
96407
212019
96402
96409
96424
96401
149327
96399
96404
96395
96414
96410
212017
96422
96445
212011
96431
96450
206492
96556
206485
96444
96427
96433
206463
96437
96430
96438
96446
206451
96449
96455
206511
96453
96454
165391
96429
96451
96435
96447
96416
96428
96452
206501
96436
206482
96503
206509
96477
206491
96475
96514
206422
206449
206442
96471
206510
206474
96465
206508
96478
206500
206423
206490
96476
96458
96470
206431
206421
206432
96509
96500
96498
96530
96508
206461
206419
206507
206468
206437
96501
96495
165878
96505
96504
206484
96493
206488
96499
206499
96491
206460
96663
206489
206479
96483
96506
206471
206418
206445
206420
96531
206472
206505
206417
206450
206459
206498
206448
206462
145455
206478
96526
206477
206454
165962
206506
96532
96529
206440
206458
206439
206428
96539
206470
206435
206436
206497
206464
96560
206481
206496
96545
96561
206438
96566
206467
147852
96555
96540
96559
96557
206416
96558
96542
96563
206487
96549
96548
206444
206441
96562
96565
96581
96601
96587
212065
96682
96598
96568
96572
96586
96577
96584
96594
96575
96585
96570
96599
96703
96592
96582
96579
96591
96576
96597
96602
96578
96588
96596
211871
96595
96573
96593
96574
96583
96569
96567
96580
96571
96589
96600
96683
96684
96618
192885
96641
96649
96625
96636
211881
96615
96614
211869
96626
96632
96620
96631
96629
96622
165257
96633
96603
96643
96732
96628
211967
96639
96627
96609
96611
96612
96634
96621
96616
96606
96608
96623
96637
96619
96624
96617
96640
96642
96613
96610
96630
96638
96607
96604
211941
96724
96662
96687
96668
211929
96651
96656
96669
96654
96749
211935
96655
96678
96671
96658
96670
96660
96667
96733
96652
211889
96685
96665
211887
96657
96666
96704
96650
96680
211945
96681
96688
96686
208721
96676
96661
96734
211965
96664
96653
96677
96689
96726
96690
96691
96705
96735
96706
96711
96718
211879
96702
96716
96719
211991
96708
211977
96709
96698
96752
96697
96714
96758
96721
96710
96707
211903
96730
211865
211913
96713
211943
211993
96722
96693
96720
96695
96692
96696
96701
96754
96712
211919
211921
211895
211927
96750
96715
96728
96736
158874
96717
212005
96763
96699
96737
96765
96778
96777
96748
96738
211939
96747
211883
96739
96741
96768
96745
96740
96769
211971
96746
96742
96779
96743
96937
211955
96808
96806
96774
96810
211917
158031
96798
96786
96852
211981
96804
96805
141788
165817
96938
96791
96776
96800
96815
96793
96854
96773
96849
96813
96856
96820
134264
211891
96861
211877
96841
96822
212003
211963
211873
96811
96812
96796
211861
211851
211863
96851
96853
96816
96821
211923
96831
96801
211985
96817
96814
211973
211937
211961
96785
96827
96819
96807
96840
96850
96787
212001
211953
96824
96792
96837
96836
96809
211875
96799
96838
211989
211983
96818
96795
96823
96802
96775
96794
96939
96846
96894
96909
211997
211859
211907
96871
96900
192888
211959
96906
96845
211893
211925
96875
211857
96848
96857
96904
96863
211957
211999
96908
96898
211949
96901
96911
96868
96897
96910
211995
211951
211911
96858
96899
96842
211933
96843
211909
96902
96974
96907
211905
96860
96844
96867
211979
211931
211867
96903
96896
96905
211915
96884
96940
96994
96916
96889
96912
96885
211975
96936
96887
96928
211969
96977
96976
96941
211901
96914
211897
96888
96917
96975
96891
96913
96932
96931
211947
96919
96920
211855
211987
211899
211853
211885
96918
96915
96978
96923
96926
96895
96957
96995
96942
96943
96953
96979
96981
97000
96945
214397
96949
96959
96986
96984
97003
96998
96955
162225
142119
96950
96960
96982
97001
96996
96951
96961
96944
96999
96997
96987
97002
96971
96972
96980
96948
96969
96985
96988
96946
96983
96947
96956
96989
97180
97009
96962
97117
97004
96965
96993
97396
96973
96964
96991
97007
96970
97006
96963
96990
96992
97008
97005
97010
97034
97023
97016
96968
97021
96967
97014
97043
97033
97028
97024
97027
97059
97030
97013
165131
97035
97051
97058
97060
97031
97057
97055
97015
97017
97032
97038
97039
209763
97041
97048
97054
97012
97050
97011
97042
97053
97037
97049
97022
228267
96966
97101
97056
235895
97045
97036
97019
97046
97040
97020
97018
97047
97118
97061
97062
97181
97182
97105
97071
97092
97070
97111
97075
97096
125171
97064
97072
97099
97100
97085
97114
97069
97086
159952
97098
97097
97065
97066
97091
97113
97102
97112
97073
97078
97063
97077
97082
97106
97087
97115
97080
97104
97095
97081
97107
97116
97067
97093
97090
97068
97103
97088
97084
166940
97094
97079
97074
97210
97108
97089
97083
97119
125426
97183
97120
97155
97133
97140
97134
97139
97176
97214
97212
97216
97206
97128
97156
97157
97126
97198
97177
97160
97124
97215
97123
97398
97178
97127
97171
97121
97129
134141
97137
97163
97161
97125
97175
97204
159672
134140
134120
97217
97165
97397
97173
97136
97218
97199
97170
97168
97192
134143
165810
97159
97138
97179
97202
97158
97130
97154
97169
97174
134139
134144
97145
134145
97200
97132
97164
97172
97191
97201
97167
97205
97184
146193
97162
97219
134122
97367
97122
97153
97166
97185
97203
97213
134142
134121
85073
97230
97195
97190
97222
97225
97193
97220
97189
97209
97221
97229
144884
97188
164711
97197
97208
97223
97226
97196
97207
97227
97194
97224
97338
97296
97515
97253
97261
97252
97277
97250
97271
97247
97263
97251
97295
97233
97241
97273
97290
97275
97289
97272
97282
97259
97294
97291
97281
97234
97287
97267
97239
97260
97249
97293
97231
97242
97266
97255
97270
97283
128180
97284
97245
97238
97288
97256
97232
97292
97240
97235
97236
97254
97237
97257
97286
97280
97264
97276
97262
97248
97285
97268
97246
97278
97317
97279
97274
97243
97244
97297
97354
97313
97341
97444
97364
97334
97351
97328
97352
97357
97319
97320
97470
97327
97333
97314
97337
97323
97322
97335
97366
97350
97348
97359
97303
97346
97304
97339
97340
97330
97342
97300
97302
97311
192893
97356
97325
97360
97362
165892
97355
97336
97353
97310
97331
97358
97305
97324
97332
97315
97307
97365
97312
97349
97321
97347
97363
97326
97343
141164
97344
97316
97318
97306
97329
97308
97361
97471
97265
97269
97472
97489
165877
97387
97408
97370
97388
97400
97386
97372
97389
97375
97390
237175
97399
97381
97379
97385
97413
97394
97403
97376
97383
97393
97412
97380
97406
97410
97404
97401
97384
97395
97407
97391
97377
97382
97371
97378
97392
97414
97411
97368
97405
97369
97374
97447
97430
97464
97467
97427
97436
97462
97455
97453
97448
97443
97466
97415
97452
97449
97435
97437
97704
97450
97445
97440
97438
97459
97418
97429
97439
97426
97460
97463
97465
97416
97423
97424
97468
97441
97420
97446
97434
97431
97454
97419
97421
97428
97458
97456
97417
97457
149451
97461
164722
97442
97422
97473
97451
97469
97474
97475
146217
97517
97519
97497
165879
97490
97520
97533
97509
97487
97504
97537
97507
97477
97492
97523
97529
97511
97534
97495
97550
97527
97506
97486
97540
97501
97478
97508
97493
97485
97539
97531
97535
97546
97541
97513
97481
97482
97522
97518
97510
97491
97545
97502
97549
97530
97499
97479
97521
97536
97628
97476
97528
228799
97480
97503
97505
97532
97525
97514
97543
97483
97498
97524
97526
97547
97488
97494
97496
97500
97538
97551
97630
97629
97656
97587
97609
97623
97601
97586
97596
97592
97605
97594
97571
97615
97583
97618
97564
97569
97589
97553
97565
97612
97578
97624
97622
97621
97627
97585
97626
97607
97620
97591
97602
97604
97603
97617
97616
97573
97597
97579
97576
97568
97561
97625
97619
97572
97614
97570
97599
97608
97566
97557
97562
97567
97556
97606
97575
97560
97584
97590
97676
97611
97563
97559
97600
97577
97580
97598
97581
97552
97593
97613
97574
97582
97558
97588
97610
97554
97555
97595
97641
97671
97631
165880
97633
97655
97659
97652
97654
97643
97669
97649
97632
97672
97634
97667
97637
97642
97651
97653
97663
97666
97657
97647
97674
139133
97661
97664
97658
97644
97645
97648
97646
97662
97660
97640
97639
97638
97650
97668
97673
97636
97670
138844
97705
97706
97715
206980
206986
97680
97697
97719
97699
97857
206985
97714
97707
97687
206983
97692
97698
97689
97686
206612
97685
97718
97721
97688
97709
97695
97716
97690
97717
206613
97678
97679
97720
97713
97711
97708
97710
206987
206981
97677
206982
206984
97712
97700
97722
206516
97832
97723
97724
206560
97798
97756
97749
97783
97743
164702
97762
97765
97779
97777
97764
206979
97739
206978
206976
206971
206557
97740
97768
97732
97752
97741
97753
97773
97751
97774
97775
97748
97757
97735
97758
97759
97781
206977
97766
97776
97771
97763
97769
97767
97782
97770
206973
97760
206558
97772
97738
206975
97761
97725
97746
97780
206974
97734
222903
206972
97747
97778
97742
206970
97784
206969
206958
97802
97819
97855
97842
97818
97846
97838
97810
97804
97851
206962
206954
97860
97824
97853
97893
206964
97850
97797
97864
97825
97793
97811
206956
97841
206968
206961
97858
203906
167572
97892
165835
97840
97863
97814
97865
97803
97849
97843
97827
206960
97815
206967
97806
97828
97807
206955
97854
206959
97891
97813
97808
97821
237889
206550
97859
97833
206957
97800
206963
97796
97836
97791
206966
97816
206965
97805
97789
97862
97909
97826
97822
97823
97845
97790
97835
97809
97817
97799
97820
97894
97866
97829
97830
98010
97831
98051
206949
97901
97931
97933
97871
97917
206953
97873
206948
97906
206575
97896
97911
206951
97912
97904
206950
97908
97932
97882
206952
97888
97872
206559
97923
97874
97870
97890
97918
97914
206520
97897
97884
97930
97929
97869
206945
97916
97934
206946
97875
97928
97880
97925
97919
97885
97924
97907
206543
206548
206947
97927
97921
97926
97887
97868
97895
97883
206944
98011
97935
98052
98012
97942
98007
97999
97947
97977
97970
97969
206942
97951
97984
97968
206934
206935
97998
97991
97997
97954
97989
206591
97967
97982
97966
97941
97986
206933
97940
97976
206940
98000
206938
206943
97961
97994
97988
97983
206531
97958
97980
97979
97981
97936
97959
206941
97995
97987
98002
98004
206936
98005
206932
98001
97985
97993
97992
97949
206937
97960
98009
97990
98008
97938
97978
97937
97945
206939
97996
208747
97950
97955
97943
98006
206566
97952
206931
98014
98013
98015
98016
98053
98054
98017
98034
98036
98055
98065
98069
98082
98081
125172
98059
98060
98041
98032
98028
98019
98079
98078
98070
98031
98067
98021
98057
98025
98048
98049
98024
98035
98046
98061
98023
98066
98076
98020
98044
98037
98040
98038
98074
98058
98073
98068
98043
98071
98080
98047
98026
98062
98050
98063
98029
98072
98075
98045
98056
98077
98027
98018
98064
98022
98039
98042
98164
98127
98165
98163
98092
98136
98100
98094
98152
98126
145523
98085
98109
98133
98131
98091
98093
98117
98141
98119
98106
98150
98096
98125
141203
98130
98128
98108
98160
98103
98095
98105
98114
98158
98124
98156
98121
98116
98123
98101
98135
98159
98162
98148
98090
98099
165834
98104
98097
98145
98102
98147
98155
98157
98087
98107
98138
98086
98122
98118
98134
98132
98110
98143
98084
98161
98151
148211
98142
98120
98112
141184
98140
98111
98088
98115
98113
98098
98144
98137
98129
98153
98183
98184
206930
98188
98237
98167
98230
98182
98206
98196
98204
98180
98235
98210
98222
98224
98220
98195
98241
98240
98221
98238
98175
98236
98186
98177
98187
98181
98198
98232
98218
98242
98194
206929
98245
98215
98205
98239
206927
98189
98243
98225
98201
98216
98190
98217
98246
98203
98208
98197
98174
98249
98250
98211
98209
98207
98191
206928
98227
98234
98199
98212
206529
98213
98200
98202
98179
98231
98248
206926
98193
98219
98228
98226
98247
98166
98233
98192
206925
98244
98223
98214
98178
98185
98176
98229
98314
206924
98315
98251
98359
98294
98277
98253
98273
98292
98280
98298
98290
98289
98255
98270
98286
98295
98261
98269
98282
98297
98264
98257
98285
98265
98296
98262
98256
98283
98254
98293
98266
98278
98259
98268
98258
98252
98275
98271
98263
98291
98284
98288
98281
98287
98274
98276
98267
98260
98279
98432
98433
206528
206921
98329
98320
98346
98366
98337
98356
98361
98349
98363
98364
98365
98347
98368
98362
98334
206916
98341
98321
98301
98331
98343
98312
98309
98332
98369
98338
206565
98353
98357
98360
98342
98303
98344
98327
98311
206917
98318
98335
98336
98358
206920
206923
98302
206611
206919
98354
98352
98339
206922
98348
98340
98367
206918
98317
98328
140509
98330
159671
206915
98370
98345
165836
98319
98304
98425
98406
206912
98421
98392
98383
98428
98408
98418
98399
98374
98420
98381
98385
98393
98386
98423
98407
98390
98373
98405
98391
98401
98414
164255
98378
98372
98417
98403
98424
98379
98409
98429
98422
98382
98402
98431
206913
98384
98387
98377
98427
98388
98413
98430
98426
98376
98400
98371
98415
206914
98411
165818
98410
98412
98416
98389
98404
206610
98380
206900
98480
206907
98475
98441
206590
98476
206523
164417
98439
98447
206904
98477
98470
206902
98461
206899
98467
206910
206901
98485
98460
206898
98478
98458
98448
206906
98455
206905
98451
98459
206908
98474
98450
98486
98469
206909
219651
206911
98446
98468
98483
98445
98440
98471
98484
98479
98443
206903
98466
98457
98565
98540
206564
206897
98567
98545
98513
98549
98501
98555
98547
98543
98554
98527
206889
206895
98538
98552
98563
206547
98489
206883
98490
98553
98518
206894
98535
98557
98507
98551
98541
98559
98530
206886
98562
206887
98531
206882
98514
98510
98550
98508
98564
98542
98497
206896
98539
98560
165123
98537
98503
98487
98488
98522
206893
98546
98521
206892
98532
206533
98558
98525
98516
98515
98499
98544
206589
98561
98504
206891
98556
98498
98520
206884
206539
206885
206890
98548
98511
206888
98523
98509
206881
98595
98579
98580
206609
206880
98591
98635
98590
98575
98648
98646
206878
98569
98638
98620
98589
98609
98665
206874
98631
98607
98657
98592
98602
98574
98586
98601
206875
98622
206879
98606
98593
206870
98612
98617
206866
206864
98621
98610
98587
98598
98662
206863
98658
98585
98596
98608
98603
206871
98654
98661
98613
98619
98640
98582
98649
98629
206861
98577
98645
98647
206532
206869
98637
98616
98600
98605
98655
98659
98604
98628
98656
98630
98599
98626
98614
98611
98618
206865
98663
98615
206873
206867
98573
206862
206876
98576
98597
98664
206608
206872
98584
206868
206877
134369
98623
97186
98666
98698
98700
98699
98696
98697
98668
206860
98701
98702
98671
98695
98709
98712
206549
206588
98684
98705
206858
206855
98706
98687
98708
206853
98713
206854
98704
98703
98715
206556
98716
98686
206856
98717
206519
98677
98688
206859
98707
98718
206857
98676
98714
98682
98711
98693
98685
98678
206545
98683
98675
98710
98694
98719
98779
98720
98757
98738
98750
98736
98723
98753
98741
98731
98730
98756
98743
98725
135639
98732
98759
98754
98752
98740
98735
98721
158331
98724
98749
98758
98722
98755
98733
98739
98737
98760
98849
98850
98851
98793
98818
98802
98767
98817
98820
98762
98829
98768
98809
98823
98815
98728
98791
98766
98789
98797
98747
98810
98769
98729
98777
139251
98830
98785
98772
98806
98783
98782
98808
98826
98798
98792
98763
98788
98807
98803
98786
98771
98776
98773
206574
98804
98794
98822
98821
98800
98828
98805
98746
98819
98780
98781
98827
98727
98799
98775
98734
98784
98726
98812
98748
98778
98796
98824
98745
98790
98770
98814
98825
98801
98787
98795
98816
98813
98765
98761
98774
98919
98910
98867
98930
98943
98907
98928
98865
98831
98838
98834
98843
98837
98911
98905
98893
98885
98848
98889
98912
98944
98934
98946
98900
98939
98890
98904
98941
98920
98913
98881
98868
98844
98935
98925
98908
98924
98835
98932
98846
98897
98854
98938
98880
98914
98875
98858
98859
98891
98832
98841
98886
98902
165675
98879
98922
98903
98929
98884
98864
98847
98927
98862
98892
98906
98833
98853
98899
98901
98863
98874
98856
98923
98836
98898
98933
98926
98896
98909
98888
98845
98842
98840
98945
98887
98866
98878
98942
98895
98839
98855
98860
98937
98921
98877
98936
98883
98852
98861
98894
98931
98882
98964
98957
98996
98987
98872
98955
99026
98992
99030
98958
98956
98870
98917
98873
98963
98947
98857
98993
99004
98916
98915
98985
99002
98952
98871
98991
99019
99021
99000
98949
98959
99003
98950
98995
98998
99001
98951
98984
98869
98953
99031
98989
98988
98948
98962
98966
98994
98876
98999
98954
99025
98960
99028
99018
99020
98918
98997
98986
98990
98965
99029
99027
98983
98961
228797
206852
99093
98976
99037
99016
99087
98979
206607
99088
99042
98972
99090
99024
99092
99034
98980
99095
98977
99063
99055
206849
99008
99097
99041
99012
99064
99039
99035
99043
99061
99058
98970
99091
99089
99033
99023
99009
99068
99036
98982
99014
99096
98974
99032
98971
99062
98975
206851
98978
99006
99011
99054
99022
99017
99005
99013
206850
99040
99094
99007
99059
99060
99010
98981
99125
99015
98973
99053
98969
99038
192913
99126
99173
99174
99127
206848
206847
99199
206843
99175
99176
99130
99139
99072
99052
99057
99100
99110
99109
99141
99113
99114
99099
99070
206838
99085
99102
228795
206836
99178
99115
99047
99101
99074
206587
99051
206841
99075
99144
99138
99116
99123
99103
99117
99120
99056
206842
99098
99121
99049
99048
206563
99112
99106
206839
165831
99118
206535
99105
99079
99111
99140
206846
99129
99122
99108
99044
206586
99143
99046
99082
206845
99050
99084
206840
99177
99071
99107
99073
206837
206844
99200
99086
99236
99201
99179
99202
99237
99242
99171
99196
99243
99157
99238
99165
99183
99180
99182
206835
206834
99188
99184
99158
99240
206603
99151
99170
206831
206833
206829
99223
99166
99132
99150
99195
99148
99220
99156
99181
99239
99218
99160
99186
99128
206832
99194
99167
99244
99192
206605
206604
99149
99190
206830
99219
99222
206606
99187
99241
99185
99164
99191
99131
99172
99221
99155
99193
99189
206585
99204
99203
206828
206573
99494
206827
99247
99229
99212
99248
99246
206826
99231
99250
99213
99245
147891
99230
206825
99249
99264
206823
206824
99300
99232
99267
99254
206572
99310
206822
99234
99303
99299
99302
99210
99301
99271
99304
99251
99297
99298
99272
99255
99211
99252
206515
206819
206821
206820
99276
99268
206817
99253
99296
99214
99273
99274
206818
99318
99306
206542
206816
206815
99312
206810
99262
99263
206809
206813
206814
99260
99281
99285
206808
99280
99279
99311
99282
99313
206812
99286
99309
99305
206811
206807
99307
99333
99319
99366
99344
99361
99330
206804
99331
99332
99369
99367
99364
99362
145084
99363
206602
99269
99290
99343
99370
99348
99289
99329
99315
99334
99294
99345
206521
99365
99335
99321
99270
99371
99292
206805
206536
99339
99359
206806
99317
99342
99358
206601
99337
99320
99291
99360
99316
99314
99368
99338
206527
99328
99372
206803
99511
99373
206802
99378
99410
99376
206793
99412
99391
99392
99381
206795
206801
99352
99411
99421
99377
99380
99350
206800
99415
99356
99440
99389
99388
99354
99379
206797
99422
99417
99416
99383
99404
99355
99375
99419
99420
99439
99441
99405
206571
99442
99418
99384
99414
99393
99374
99351
99413
99353
206570
206798
206796
99409
99382
206799
206794
99385
223607
99513
99512
99443
99514
99386
99515
206792
99452
99403
99428
99433
99465
99478
99445
99495
99474
157973
165653
99476
99496
99444
99437
99430
99423
99431
99471
99481
99483
157512
206791
99498
99457
99432
99499
99455
99467
99479
99435
99472
206790
165676
99438
99397
99451
99449
99426
99480
99482
99436
99456
99454
99477
99468
99424
99427
99475
99458
99434
99453
206789
99447
99429
99450
99425
99400
99470
99448
99488
99576
99489
99461
99533
99486
99464
99532
99509
99556
99492
99501
99493
99504
99485
99554
99551
99552
99538
99469
99573
99460
99463
99502
99550
99521
99530
99510
99540
99507
99527
99519
99506
99534
99555
99500
99528
99529
99487
99466
99553
99520
99518
99505
99541
99531
99503
99536
99539
99517
99491
99535
99537
99490
99484
99549
99557
207512
99609
99566
99606
99607
99548
99610
99585
99562
99542
99523
99588
99575
99525
99577
99594
99584
99574
99544
99568
99592
99564
99543
99526
99561
99595
99608
99578
99590
99579
99600
99571
99604
99570
99582
99560
99602
99547
145451
189157
99593
99583
99581
99589
99572
99601
99603
99596
99567
99569
99597
99611
99545
99605
99546
99580
99524
99587
99591
99586
99522
99563
125427
99559
99719
99612
99614
99632
99620
99613
99696
99626
99642
99634
99625
99619
99631
99637
163994
99623
99638
99633
99618
99627
99636
99639
99622
99635
99621
99630
99617
99640
99615
99641
99624
99629
99616
99709
99697
99720
99710
99656
99693
99674
99673
99664
99690
99652
99647
99675
99662
99665
99680
99682
99692
164453
99666
99678
99676
99657
99669
99684
99689
166402
99663
99683
99654
99687
99691
99688
99653
99655
99667
99672
99670
99694
99679
99677
99648
99659
99668
99645
99685
99644
99671
99695
99650
99686
99681
99660
99651
99661
99658
99643
99847
99698
99708
99711
99718
99740
99736
99712
99717
99748
99716
99752
99738
99742
99756
99729
206787
99715
99713
99699
99745
99707
99706
99723
99751
99741
99724
99728
99714
99750
99700
99732
99739
99701
99705
206786
99702
206788
99754
99704
99722
99743
99853
206600
99725
99703
99755
99747
99757
99749
99726
99721
99746
99737
99753
99727
99731
99744
99834
99848
150294
99758
99784
99835
99780
99781
99769
99776
99793
99779
99797
99768
99778
99773
99767
99788
99775
99766
99777
99798
99786
99787
99796
99785
99764
99782
99762
99790
99770
99783
99771
99794
99792
99765
99795
99791
99774
99789
99760
99763
138284
99761
99849
99861
99836
99799
189158
99821
99815
99809
148432
99812
99805
99802
99829
99817
99819
99800
99832
99807
99816
99826
99823
99825
99824
99833
99804
99830
99814
99801
99854
99820
99822
99818
99813
99828
99831
99810
99808
99811
99827
99837
99862
99868
99852
203907
206781
99863
99855
99870
99845
99844
99865
99843
206784
206783
99864
99867
206782
99866
99841
206538
99859
206599
100043
99869
206785
99850
100044
206541
100045
100046
99890
99916
206584
99883
99882
99906
99914
99871
206776
206773
206774
99911
99880
206779
99892
206778
99909
99878
99891
99898
99915
99884
99919
99920
206770
99873
99887
99913
99918
206777
206775
99899
99900
99872
99902
99886
99893
99923
99922
206780
99917
99924
206771
99875
99904
99905
99881
99921
99907
206772
99910
99912
100047
99934
99930
99926
99940
99951
206761
206768
99984
99929
99959
99944
99927
206769
99935
99977
99965
99932
99966
206759
99946
99973
99943
206758
99958
99976
206562
99972
99937
99942
206765
99945
99956
99953
99950
206762
206525
99982
99957
99983
206598
206555
99978
99954
99981
99955
206763
206764
99949
164415
99974
99975
99985
99979
206767
99936
99968
206766
99967
99948
206760
100004
100019
100013
206750
167914
100042
99994
99993
206755
206747
100008
100030
100023
100016
100026
206746
206583
100007
99988
100048
100020
100035
100040
100005
100014
100024
99995
206751
140565
206756
100038
100021
206748
100027
100031
99987
100028
206749
100017
100032
100033
100037
100018
100015
100041
100029
100036
99996
206753
206752
206757
100039
100034
99997
206754
100006
99986
99989
100049
165652
100081
100124
100070
100072
100083
100074
100084
100071
100085
100062
100073
100053
100051
100054
235213
100066
100068
100061
100067
100082
166423
100075
100065
100069
100090
100079
100055
100063
100056
100076
100077
100064
100058
100089
100078
100080
100059
100057
100060
100088
100109
100092
100306
100095
100112
100107
100113
166422
100125
100130
100110
100128
100126
100101
100103
100102
100108
100114
100111
100305
100100
100106
100129
100115
100094
100105
100099
100127
100132
100091
100104
100307
100117
100098
165833
100097
100118
206744
100354
100119
206745
100134
100167
100133
100116
100121
100096
100309
100355
100183
100156
100160
100151
100172
100178
100136
206738
100140
100146
100189
100179
206741
100168
100145
206530
206737
100180
100175
100143
100171
100188
100182
206742
206740
100184
129614
206736
100222
100163
100170
206739
100155
100177
100141
206743
100154
206735
206597
100169
206526
100187
100176
100173
100135
100153
100181
100162
100157
100174
100142
189161
136459
100164
100185
100190
100310
100257
100311
100687
206723
100206
100244
100194
100237
100204
100312
206726
206729
100214
100225
100239
100213
100226
100245
206551
100205
206517
100241
100236
100215
100201
100224
100229
100232
100243
206727
206733
100240
206724
206734
100191
100223
100200
206722
100228
206728
100234
100242
100238
100227
100203
206731
206725
206732
100195
100221
100220
206730
100231
100196
100230
100313
100327
100278
100295
189162
206713
206716
100298
100282
100294
100281
206582
100260
100256
100293
100250
100290
206711
206709
206715
100283
206720
168031
100304
206719
100251
206569
100266
100267
100284
100289
100300
100301
206718
100275
206710
100276
100280
100265
100299
100297
206714
100277
100264
100286
206712
100274
206717
100303
100302
100272
100296
100249
100254
100288
100285
100287
100255
100252
206721
100533
100534
158351
100349
100368
100321
100328
100370
100360
100340
100339
100357
100367
166421
100347
100344
100316
100353
100364
100330
100351
100366
100333
100369
100329
100359
100365
100314
100337
100373
100341
100362
100342
100346
100326
100320
100331
100336
100319
100322
100324
100317
100350
100363
100361
100338
100335
100372
100345
100356
148611
100358
100343
100352
100348
100332
100323
100325
100334
100374
100535
100416
100382
100380
206706
100391
100412
100393
100390
100384
100419
100395
139897
100403
100389
100418
206708
206707
100392
100405
100394
100414
100383
100400
100413
100407
100381
100408
100377
100409
100386
100410
100415
100406
100404
100401
100385
100376
100402
100397
100375
100378
100417
100387
100388
100536
100537
100538
100552
100444
100436
100454
100464
100447
100449
100426
100428
100493
100431
100422
100461
100424
100441
100452
100492
100446
100459
100462
100423
100429
100434
100451
100420
100433
100455
100463
100442
100438
100437
100430
100425
100450
100443
100495
100453
100457
100460
100448
100494
100439
100456
100458
100421
100432
100427
100519
100496
100435
100571
100553
100554
206705
100530
100504
100532
100500
100497
100509
100518
100498
100522
100491
100508
100490
100512
100499
166911
100467
100481
100466
100501
100513
100478
100465
139267
143572
100488
100521
100483
100469
100515
100475
100487
100525
100506
100473
100516
100484
100470
100471
100482
100528
100505
100523
100507
100479
100517
100502
100529
100503
100474
100511
100514
100477
100480
100489
100468
100485
100527
100486
206524
100472
100526
100531
206704
100572
100551
100556
100585
100559
100582
100581
100579
100541
100561
100562
100558
100544
100586
165673
100543
100548
100563
100583
100580
100570
100564
100545
100555
100557
100540
100587
100573
100566
100560
100577
100547
100550
158294
100569
100565
100567
100584
100575
100576
100546
100578
100568
100539
206703
100602
100629
100636
206702
100599
206581
206693
100634
100604
100633
206540
100616
100614
206701
100597
100594
100624
100622
100635
100595
100627
100620
100631
100596
206698
206696
166398
100592
100612
100613
100618
100630
206700
100638
100606
100615
100619
100626
206697
100625
100605
100603
206568
100623
100621
206699
100600
100632
206694
100628
206695
206692
100814
100693
100692
100659
148122
206686
100672
100662
206684
100644
100688
100695
206683
100690
206685
100679
100650
206682
203908
206691
100694
100669
100643
100653
206687
100657
100677
100649
100646
100673
100642
100676
100639
100678
100680
206561
143569
100683
206690
100685
189165
164703
100689
100666
100674
100667
100684
206688
206689
100647
206681
100648
100658
100651
206596
100686
100645
100668
206680
100815
100726
100697
100744
206669
100736
100716
206670
100708
100741
100746
100715
206671
100733
206675
206674
206553
100705
206672
100817
100747
100713
206679
100739
206667
100720
100806
206678
100700
206668
100707
100706
100723
100712
144973
100738
100702
100745
100734
100725
100816
206676
100724
100714
206595
100742
206554
100721
206544
100807
206673
206677
100711
100696
100743
100737
100740
206580
100818
100748
206666
100810
100809
206665
100749
100791
100789
100787
100763
100765
100764
100753
100751
206663
100790
100752
206664
100788
206662
100819
206657
100797
100777
206661
100773
100758
206655
100820
100780
206659
100754
100796
100766
206579
100779
100775
100792
100794
100756
100798
100793
206656
206537
100774
206660
206654
100776
100799
100785
100782
206658
100783
100784
206567
100795
100757
100821
206653
100860
100857
100846
206642
206647
206640
206641
100866
100885
100847
100848
206649
206639
100877
100842
206651
100854
100889
100878
100833
100850
100856
100875
100887
206646
100865
206644
100867
206652
206638
206578
100886
100870
206650
100845
100832
100880
100884
100876
206643
100826
100849
206645
100828
100869
206594
100859
100871
100879
100858
165677
100836
100888
100872
100837
100882
100881
206648
100839
100834
100868
100835
100827
100874
100883
100873
206593
101211
206628
100893
100892
206546
100947
100921
100901
100938
100909
100902
100941
100948
100918
100929
100944
100940
100904
100931
100942
100946
100905
100900
206626
206577
100939
206633
100922
100891
100926
100919
100910
100935
100934
100894
206625
100932
206630
100949
206534
223605
100936
206632
206637
166400
100912
100899
100908
100933
100945
100943
206635
100920
100911
100927
206629
206627
206592
206636
100930
206634
206631
205890
101264
205858
100994
100960
100958
100984
100970
100995
100980
100976
206576
206622
206623
206620
100957
100969
100998
100978
100997
100992
100959
100955
100983
100977
100989
100954
100972
206619
100996
100985
206621
100981
100982
100991
206624
100988
100993
100956
100951
100966
100979
100990
100968
100962
100987
100950
100986
100961
100967
206518
101215
205889
205828
206091
205817
205869
205827
206614
101056
101036
101050
101031
101057
206552
101051
101047
101032
101025
101039
101020
101053
101035
101028
101058
101018
101013
101038
101024
101009
101041
101011
101022
101004
101052
101049
101006
101010
101029
206618
101014
101021
101037
101045
101044
206616
101054
101034
101026
206522
101005
101001
101048
101019
101042
101060
206617
206615
101015
101059
101023
101061
101017
101030
101033
101040
101043
101016
101055
101027
101046
101267
205857
101111
101128
101087
101073
101074
206087
101094
101081
101131
101062
101089
101118
101134
206088
101066
101064
101103
101072
206082
101107
101088
205798
101127
101063
101104
101090
101130
101069
101133
101101
101086
101122
101097
101110
101071
101076
101109
101085
101093
101123
101126
206090
101116
101070
101092
101105
101095
101113
101075
206083
101129
101119
101080
101117
206089
101120
206084
101084
101115
101079
101124
101114
101082
101091
101077
101083
101065
101132
101078
164451
101067
101125
101068
206085
206086
205801
205811
205845
206080
101159
101156
101192
101204
101151
205855
101175
205797
205816
205831
205885
206077
101198
206078
101158
101144
205847
205826
206076
101209
101205
205887
205856
101189
101207
206072
205815
206075
206074
101201
101157
205884
205846
101150
101152
101199
101167
101202
205882
205886
223601
101166
101208
205833
205868
205802
205824
205883
101203
205854
101143
206079
101136
205853
101148
205810
205825
206073
205844
205848
101161
148072
205832
205807
206081
205888
205835
101165
205836
101197
205881
101206
101210
205867
205879
206069
101268
205843
205852
101270
101272
101246
205878
205862
101276
101235
205823
205850
101269
205875
205821
205800
205880
205822
205865
101274
101277
101232
101250
205877
101234
205820
205841
101253
101275
205803
205842
206071
205866
205804
101256
205795
205805
158479
205876
101271
205830
205851
205864
206070
101231
205863
206068
101281
101313
101291
205808
101317
101326
205861
101324
101302
205812
205870
206064
101303
205813
205819
205814
101325
205860
205799
205806
205837
205871
206065
205873
101298
206067
101287
205838
205809
101306
101307
101285
101280
205840
205872
101328
205874
206062
206063
101327
101322
101290
205796
205859
205818
205829
101319
205849
206066
205839
206061
101362
101655
101363
206042
206043
206049
101353
206050
101366
206052
101351
206044
206059
101347
206041
101337
206046
101336
101365
206040
101333
206058
101349
101369
206038
206055
101367
206048
206045
206051
206060
206047
206057
206054
101368
101345
101360
101364
101344
206053
206039
206056
203909
101381
101375
101377
101379
101371
101372
206037
206035
101380
101384
206036
101383
101378
101382
101374
101657
101510
206030
101434
101437
206016
206020
101394
101400
206010
101431
101408
206026
206009
101393
206032
206022
206031
101387
101425
206028
101411
101439
101428
101424
101420
206023
101413
206024
206011
101435
101416
101433
101404
101430
206027
101398
101391
101414
101438
206017
206033
101432
101429
206019
206021
206013
101441
206025
101442
206018
206012
101440
101436
101426
101396
206014
206015
206029
206034
101662
101663
206008
206007
206003
101449
101496
101515
101466
101451
101513
101511
101446
101454
101458
101488
205997
101516
206006
101456
152311
101498
101517
101470
101467
101504
101512
205989
206001
101468
101503
101448
101443
101495
101472
101469
101487
205991
206002
101494
101459
101461
101501
205996
101518
206005
205999
205998
101464
101500
101471
101508
101465
101502
101463
101497
101505
205994
205990
101447
101484
101450
101519
101509
205992
205995
101452
101445
101506
101453
206000
101462
101507
101444
206004
205993
101460
101455
101457
101514
101665
101664
205988
205987
101570
101533
205961
101575
205962
205957
101576
205986
205966
205976
101545
205978
101551
205980
205975
205965
101527
205956
205985
101557
101568
205960
205971
101572
101535
101559
205959
101567
101542
205982
205968
205981
101577
101538
101534
205955
101565
205974
205979
205969
101574
205964
101573
101571
101528
205963
205977
205983
205970
101520
101569
101563
205972
205967
101523
101541
205973
205958
101666
205954
101607
101580
141204
101618
101622
205928
205948
101667
101604
205934
205947
205929
205937
205926
101621
101585
101629
101590
101630
101626
205949
205932
101627
205945
205943
205939
101619
205925
205930
205951
205941
205942
101586
205927
101617
205946
205938
101620
101583
205944
205933
101625
101623
205953
205936
205950
205952
101628
101631
101589
205931
205935
205940
101624
205924
205923
205922
101649
101642
205914
205915
101652
205912
205916
205911
101633
101651
205913
101650
205918
101647
101641
205921
205920
205919
205917
101648
101634
101732
205910
205909
205908
101668
205907
205906
101746
205905
101692
101748
205904
101747
101749
101726
101727
205901
101698
101682
101684
101686
101704
101709
101711
205898
205899
205900
101707
205891
205893
205902
101678
205892
101700
101706
101705
205895
101681
101708
101712
101695
101694
205897
101713
101701
101696
101699
101710
101693
101703
101697
101677
101690
205903
205894
205896
101685
101702
101683
101679
101728
101761
101754
101766
101744
101752
101731
101742
101763
101769
101762
101755
101764
101737
101750
101758
101756
101767
101738
101765
101739
101753
101736
101729
101730
101734
101745
101743
101759
101733
101735
101760
101741
101768
101751
101740
101757
101770
201268
101872
101817
101814
101793
101781
101821
101775
101816
101780
101798
101779
101818
101811
101807
101799
101783
101803
101830
101777
101792
101829
101776
101795
101800
101778
101784
101828
101824
101812
101787
101809
101786
101820
101797
101815
101782
101823
101813
101822
164432
101825
101772
101801
101785
101774
101789
101826
101788
101819
101805
101791
125032
101773
101771
101794
101831
101810
101808
101796
101802
101790
101873
101895
101804
224057
101880
101881
101855
101901
101836
101845
101907
101887
101844
101866
101870
101861
101874
101886
101856
101884
101839
101902
101885
101842
101903
101865
101850
101868
101864
101890
101862
101852
101973
101892
101848
101911
101912
101854
101834
101883
202625
101849
101853
101893
101838
101910
101869
101843
101905
101858
101833
101904
101889
101899
101841
101900
101894
165809
101876
101840
101863
101859
101878
101857
101906
101851
101877
101898
101891
101871
101832
101882
101908
101896
101847
101867
101835
101909
101846
101897
101888
101914
101915
101957
101978
101963
101954
101972
101969
101960
101970
101950
101983
101925
101979
101920
101959
101974
101982
101923
101949
101989
101934
101992
101967
101971
101930
101940
101943
101931
101944
101977
101932
101976
101926
101917
101964
101990
101961
101952
101936
101927
101953
101995
101991
101980
101962
101938
101965
101968
101935
101945
101985
101928
101939
101987
101975
101918
145355
101994
101948
101921
101947
101924
101922
102120
101951
101919
101933
101984
101988
101993
101956
101955
101941
101958
101942
101929
101986
101937
101946
101981
101966
101996
101916
102168
102139
102049
102050
102012
102014
102042
102063
102027
102010
223549
102030
102036
102044
102053
102051
102021
102043
101998
102037
102034
102024
102057
102004
102000
102009
102045
102055
102064
102047
102056
102029
102038
102031
102019
102061
102046
102058
101999
102041
102023
102022
102040
102016
102025
102026
102060
102032
102028
102066
102003
102015
102006
102048
102065
102005
102001
102059
102020
102054
102007
102052
102008
101997
102018
102033
102011
102013
102002
102062
102035
102017
102121
102138
102169
102171
102170
102172
102090
102176
102117
102107
102088
102126
102070
102151
102149
102101
102071
102177
102116
102153
102087
102097
102175
102157
102076
102108
102093
102166
102131
102174
102074
102181
102067
102077
102069
102110
102103
102092
102180
102144
102095
102125
102141
102075
102102
102106
102156
102100
102178
102078
102130
102122
102112
102161
102154
102140
102127
102072
102083
102146
102148
102142
102118
102155
102082
102163
102164
102114
102086
102091
102134
102109
102179
102105
102165
102173
102150
102080
102133
102135
102113
102081
102111
102145
102073
102152
102115
102137
102089
102099
102147
102124
102128
102104
102084
102143
102132
102096
102129
102068
102079
102158
102162
102160
102119
102159
102098
102094
102085
102182
102524
102183
102184
102256
102262
102255
102232
102261
102244
102239
102221
102205
102229
102227
102252
102230
102202
102220
102228
102213
102234
102238
102206
102198
102237
102211
102250
102223
102260
102264
102196
102245
102217
102195
102191
201267
102224
102208
102212
102246
102190
102192
102233
102201
102242
209243
102218
102243
102197
102257
102258
102215
102259
102214
102247
102194
102222
102189
102207
102193
102199
102216
102225
102240
102219
102253
102203
102254
102226
102249
102248
102200
102204
102241
102235
102251
102231
102209
102236
102210
102185
102525
102186
102187
102526
102188
102539
102540
102302
102298
102306
102267
102305
102282
102300
102272
102270
102319
102313
102280
102307
102269
102301
102277
102304
102286
102316
102283
102278
102284
102309
102311
102266
102292
102271
102274
102293
102297
102290
102288
102268
102289
102308
102312
102265
102296
102281
102291
102294
102318
102315
102273
102275
102314
102299
102279
102285
102276
102287
102303
102295
102317
102527
102545
102541
102336
102333
102345
102321
102357
102372
102331
102378
102337
102369
102381
102352
102356
102351
102334
102349
102339
102375
102367
102327
102377
102361
102341
102368
102347
102322
102338
102365
102363
102364
102342
102353
102359
102326
102355
102385
102332
102344
102328
102340
189174
194079
102329
102320
102323
102382
102358
102380
102376
102354
102343
102383
102360
102370
102335
102374
102373
102325
102384
102324
102366
102362
102346
102348
102572
102571
102421
102528
102417
102422
102409
102401
102386
102412
102396
102405
102410
102402
102399
102415
102411
102419
102424
102414
102426
102392
102403
102388
102398
102408
102425
102400
102395
102413
102423
102393
102427
102418
102416
102390
102389
102420
102391
102394
102404
102407
102387
102406
102397
102529
102440
102443
102461
102431
102428
102442
102466
102464
102456
102463
102432
102437
102430
102445
102449
102453
102458
102468
102455
102448
102444
102467
102441
102435
102447
102451
102454
102457
102439
102469
102436
102452
102433
102434
102460
102465
102450
102459
102446
102429
102438
102462
102530
102546
102531
102624
102497
102489
102522
102485
102488
102495
102502
102517
102493
102487
102478
102473
102510
102520
102479
102492
102475
102472
102507
102514
102498
102491
102499
102515
102513
102486
102523
102481
102511
102501
102508
102474
102480
102518
102512
102516
102509
102482
102470
102506
145046
102505
102477
102476
102484
102494
102503
102521
102500
102496
102504
102483
102490
102519
102625
102626
102628
102627
102584
102560
102588
102585
102587
102570
102534
102575
102562
102574
102583
102581
102561
102566
102535
102554
102551
102564
102532
102536
102553
102559
102544
102579
102557
142893
102578
102582
102576
102565
102548
102537
102577
102568
102543
102542
102573
102555
102533
102549
102563
145680
102552
102547
102569
165671
102556
102558
102586
102538
102567
102550
102629
102630
102828
102593
102590
102657
102664
102631
102647
102620
102639
102654
102597
102635
102596
102648
102656
102595
102666
167171
102659
102652
102660
102611
102642
102641
102609
102601
102606
102637
102649
102636
102653
102598
102634
102608
102621
102602
102605
102633
102643
102655
102632
102599
102644
102618
189175
102612
102591
102610
102607
102651
102603
102619
102661
102617
102614
102600
102623
102615
102640
102622
102613
102604
102638
102645
102592
102658
102646
102594
102662
102665
102829
102830
165805
102889
102854
227953
201266
102831
102726
102687
102700
102731
102738
102722
102689
102693
102680
102684
102724
102732
102667
102737
102694
102695
102741
102675
102713
102674
102721
102717
102679
102734
102669
102690
102729
102704
102709
102696
102698
102702
102672
102714
102688
102677
102692
102670
102740
228101
102711
102710
102676
102730
102671
102739
102685
102707
102678
102736
102701
102681
102686
102699
102703
102712
166399
102683
102705
102682
102725
102673
102720
102735
102706
102727
102716
102708
102719
102668
102733
102718
102691
102723
102697
124676
102891
102832
102813
102780
102796
102798
102755
102815
102793
102804
102753
124677
102803
102782
102816
102822
102789
102809
102825
102763
102768
102765
102788
203752
102794
102769
102750
102821
102814
102761
102758
102797
102795
201265
102823
102772
102812
102810
102744
102771
102775
102766
166418
102827
166419
102773
102792
102787
102742
102767
102791
102811
102783
102802
224061
102800
102808
102756
102774
102819
102784
102776
102751
102799
102777
102818
102743
189176
102745
102748
102752
102779
102764
102746
102785
102820
102817
102807
102801
102760
102749
102762
102786
228157
102826
102790
102806
102805
102770
102824
102833
102834
103160
103159
102872
102863
102861
102892
102835
102893
102862
102846
102839
102841
102857
102851
102849
102836
102884
102880
102864
102882
102878
102858
102840
102894
102887
102883
102847
102888
102844
102848
125173
102871
102867
102881
102852
102837
102868
102874
102859
102870
102845
102842
102860
102866
102876
236697
102850
102877
102838
102895
102869
102879
102875
102885
102856
103075
102873
131331
103074
102886
103161
103162
239067
102958
102908
103076
102910
102914
102906
102927
228155
102899
102916
102953
102922
102903
102917
102931
102900
239065
151169
102934
102938
102901
102954
102915
239063
239069
102957
102925
102905
102912
166397
102951
102920
102947
102913
102921
239071
102940
102911
102909
102942
102936
102919
239075
102930
102898
102929
102926
102902
102923
102952
102935
102943
102932
102918
102949
102924
102945
102955
102944
102950
103163
102928
102897
239073
102948
103164
103166
224063
103212
103213
139024
103262
103028
103004
103009
103011
103025
103007
102968
102976
103015
103226
237241
102960
102995
102970
103023
102989
103024
103020
103022
102962
103018
103013
102967
102996
102964
102982
102965
102980
102990
102983
103001
103003
102966
103014
103008
102993
103227
102984
102985
102963
103010
103006
102979
102999
102998
102971
103021
102975
102994
102973
102961
102997
102991
103019
102986
102981
102978
103027
102969
103017
103000
103005
103002
102972
103016
103026
102992
102987
102974
189177
228153
227951
103263
103250
103046
103055
103070
103042
239059
103085
103091
103080
103088
103052
103033
103056
103041
103029
103084
103089
103064
103079
103039
103031
103058
103065
103059
103038
103067
103062
103092
103066
103069
103032
103073
103087
239061
103072
189178
103030
103090
103082
103043
103086
103040
103054
103068
103035
103063
103048
103081
138924
103051
103050
103057
103060
103061
145354
103083
103044
103053
103071
103045
103037
103047
103155
103105
103120
103142
103149
103108
103109
103137
103125
103102
103134
103129
103132
103100
103151
103114
103101
103148
103273
103147
103113
103096
103140
103124
103144
103158
103127
239057
103104
103112
103097
103141
103145
103115
103133
103106
103143
103146
103116
103095
103156
103103
103131
103123
103138
103118
103094
103119
103153
103111
103135
103150
103098
103130
103136
103152
103157
141645
103110
103126
103122
103128
103154
103441
103139
103121
103107
103184
103185
103193
103222
103192
125343
103221
103189
103188
103224
103200
103191
167151
103180
103211
103182
103173
103197
103172
103220
103171
103209
103183
103195
103225
103206
103711
103202
103186
103169
103215
103198
103208
103223
103366
103179
103187
103219
103217
103204
103207
103210
103177
103216
103218
103203
103199
143065
103178
103201
103174
129294
103214
103168
103196
147231
103205
103190
103442
189184
103498
103260
103259
103266
103257
103258
103251
103255
103267
103243
103234
103249
103245
103252
103268
103247
143244
103271
103232
103248
103235
103253
163832
103230
103241
103231
103270
103256
103246
103261
103269
103239
103236
103233
103272
103229
103265
103264
103242
160031
103328
103318
103275
103302
103287
103316
103304
103331
161427
103285
165372
103295
189179
103311
103324
103306
165672
103284
103327
103326
103336
103280
103298
103310
103322
103305
103276
103281
103283
103321
103291
103325
103293
103317
103333
103289
103296
103278
103300
103307
103330
103335
103279
103319
103313
103297
103282
103323
103314
103274
103301
103315
138267
103303
103277
103290
103329
103320
103419
103312
103399
103420
103500
103361
103358
103385
103392
103376
103345
103349
103377
103354
103373
103363
103356
103370
103378
103355
103398
103387
164701
103381
103391
103343
103368
130703
103367
103394
103338
103380
103384
103364
103395
103347
103389
103351
103340
103374
103359
239055
103371
103369
103346
103375
103352
103357
103388
103386
228151
103337
103383
103341
103344
103348
103382
189180
103379
103396
103350
103360
103372
103365
103444
238803
103501
103408
103404
103445
103415
103425
103416
103447
103412
103438
103458
103448
103451
103400
103421
103402
165025
103446
103413
103409
103449
103417
103440
103406
103427
103428
201264
103432
103423
103430
103454
103436
103403
103422
103401
103426
103455
103431
103407
103437
103405
103450
103439
103457
103429
159371
103453
103433
103456
103414
103435
103418
103452
103502
103503
103520
103487
103491
103486
103489
103481
103479
103477
103493
103467
103475
103468
103470
103460
103490
103483
103480
103495
103497
103464
103465
103469
230943
103459
103494
103471
125429
103496
103482
103485
103484
103476
103462
103488
103492
103474
103461
103466
103472
103478
103521
103515
103513
103508
103519
103505
103517
103514
103507
103510
103522
103523
103512
103506
103516
103504
103518
103511
103509
103524
103526
189186
103527
103528
103570
103544
103572
103553
103555
103559
103558
103567
103539
103533
103712
103576
103554
103575
103571
103546
103566
103573
103561
103542
103545
103534
103529
103551
103578
103557
103560
103563
201263
103569
103547
103580
103532
103538
103556
103581
103577
103564
103541
103549
103562
103530
103574
103537
103536
103543
103565
103531
103540
103568
222211
211021
103587
103617
103616
103623
103592
103633
103589
103590
201262
103604
103626
103627
103602
103622
103611
103634
103610
103613
103630
103582
103598
103608
103593
103615
103620
103631
103637
103600
103591
103586
103639
103609
103619
103612
103629
103636
103638
103588
103603
163973
103635
103632
103614
103713
124687
158332
103583
103618
103584
103628
103599
103640
103596
103594
103625
227949
103601
103607
103605
103597
189189
103624
103595
103688
103675
103686
103654
103673
103643
103651
103646
103668
103656
103648
103678
103683
103657
103649
103665
103660
103679
103680
103642
103659
103670
103652
103684
103653
103645
103650
103674
103669
103662
103663
103664
103644
103655
103666
103681
103676
103671
133457
103687
103682
103641
103667
103661
103685
103677
103647
103689
103714
103749
103716
103745
166417
103719
103739
103724
103693
103746
103709
103715
103722
103740
103721
103710
103728
103743
103747
148086
103725
103738
103694
103748
103727
103718
140166
103720
103726
103692
103691
103717
103723
103729
103732
103702
103730
103734
103703
103700
103698
103696
103733
227947
103699
103737
103706
103750
103705
103695
103701
103697
103735
234417
103736
103704
103707
103754
103757
103795
103780
103784
159238
103778
103772
103775
103771
103766
103767
103763
103798
103777
103783
103753
103797
103782
103788
103764
103789
103760
103761
103776
103779
103762
103755
103799
103773
103751
103787
103792
103759
103793
103768
103765
103781
103786
103790
103785
103758
103794
103756
103791
103752
103770
103796
103769
103816
103817
103853
103814
103844
103826
103812
103820
103821
103801
103803
103835
103851
103834
103843
103807
103838
103805
103830
103822
103842
103806
103828
103841
103836
103847
103824
103831
103833
103846
103804
103827
103808
125350
103829
103800
103823
103825
103809
103819
103850
103845
103849
103848
103818
103811
103810
103802
103832
103837
103840
103852
103839
103877
103891
134021
147735
103888
103880
103864
103899
103895
103893
103878
103898
103906
228265
103858
103854
103873
103897
103857
103909
103902
142924
103896
103900
103859
103866
103870
103908
103815
103875
103904
103892
103862
103861
103876
103882
103907
103910
103889
103903
103884
103879
103901
103885
103886
103867
103856
103863
103871
103874
103890
103887
103872
103883
103905
103881
103894
103865
103946
103917
103961
103960
103953
103924
103940
103913
103970
103911
103954
103933
103927
103959
103962
103925
103932
103915
227945
103950
103957
103912
103937
103969
103939
103945
103931
103926
103964
103921
103941
103956
103934
103936
103930
103942
103948
103938
103944
103929
103952
103943
103965
103916
103922
103914
103935
103951
103923
129649
166811
103968
103958
189191
103920
103966
103971
103949
148652
165961
104743
103955
103972
103975
103973
103974
103979
166416
103978
189194
103983
103985
103986
103997
103976
103984
103987
104003
103990
142114
104006
165471
104001
104018
104008
103991
104027
104020
104016
103982
104012
104011
104010
104026
103999
104019
104005
103994
104000
103995
103988
103998
103981
104009
104014
104022
104021
139898
152974
103989
104007
103993
104023
104017
104015
104025
104013
104002
104028
104041
104065
104035
104068
104060
104053
104037
104032
104044
104047
104057
104075
104070
104072
104063
104039
104045
104050
104043
104055
104038
104062
104031
104066
104067
104051
104030
104058
104071
104029
104046
104049
104061
104074
104073
104052
104069
201261
104036
228149
104034
104048
104054
104042
104059
104040
104056
104109
104088
104097
104077
104116
104111
104093
104112
104121
104118
104124
104102
104104
104120
104119
104084
104099
104105
104122
104087
104106
159556
104091
104293
104107
104114
104092
104115
104082
104100
104090
104101
104079
104085
104098
104110
104083
104080
104081
201260
104113
104117
104086
104123
104089
228147
104103
104108
104095
104094
104125
104132
104129
104163
104160
104135
104166
104131
104158
104130
104133
104164
189909
189197
104188
104138
104183
104128
104136
104190
104185
104159
104187
104186
104165
165473
104127
104134
104184
104189
104126
104162
104161
104173
104141
141095
104181
104175
104176
158231
228145
104177
104168
104195
104139
104150
104182
104179
104192
166392
104172
104149
104144
104147
104154
104145
104191
104170
104140
104171
104167
228143
104151
104196
104199
159300
104169
220033
104180
104174
104143
104193
104197
104264
104152
104200
104201
104230
104220
104226
104239
104207
104237
104240
104224
104231
104209
104222
223551
104205
104214
139783
104221
104218
104228
104219
104216
104225
104202
104303
104232
104204
104212
104229
104217
104208
104213
104223
104236
104234
104227
104206
104210
104203
104238
104235
104243
104251
145314
104263
104269
166393
189199
104246
104253
104275
104261
104249
104252
135779
104248
104260
104265
104277
189202
104266
104250
104268
104271
104241
135640
104278
104247
216791
104270
104276
104256
145548
104273
104274
104272
104281
104257
104258
104280
104254
104255
104259
104282
104288
104305
104295
104300
104290
104292
104286
104308
104287
104307
104291
104289
104296
104294
104301
104283
104298
104304
104306
104285
104302
104299
104297
104284
104322
104321
104324
104323
159694
104312
104330
104311
104325
104315
104316
104310
159434
104327
104328
104333
104326
104309
104314
104331
104317
104313
104318
104319
104348
104349
104350
104351
104365
104355
165806
104356
104345
104359
104363
104357
104335
104344
104336
104354
104361
104343
104352
104339
104337
104347
104342
104353
104362
104341
104366
104358
104338
104364
104346
104360
104340
104367
104369
104377
104368
104386
209309
104381
104390
104385
104389
104384
104391
104376
104392
104394
104379
104387
104393
104383
104374
104372
104380
104382
104370
104375
165472
159304
104388
104395
104396
104407
104401
104399
104398
104405
104408
104403
104406
104402
104409
104404
104400
104410
104411
104415
104412
104420
104417
104413
104414
104422
104424
104423
104421
104418
189204
104419
104425
104443
104428
104426
104444
104429
104453
104427
104452
104454
104460
104442
104430
104456
104432
104461
104433
104436
104435
104448
104438
104450
104463
104431
104462
104440
166413
104447
104459
104446
104434
104441
104439
104451
104449
104445
104437
104458
104455
104494
104464
104495
104508
104493
104509
104467
104466
104465
104507
104510
189910
104492
104468
104499
104476
104500
104469
104487
104490
104497
104475
104504
104513
104514
104478
104480
104486
104488
104484
129650
104506
104511
104474
104491
104502
104515
104505
104482
104477
104472
147293
104481
189947
104498
104483
104501
104496
104479
104473
104512
104503
104485
104489
104529
104522
104536
104542
104549
104535
104538
104544
104531
104532
104526
104523
104524
104537
166414
104548
104541
104519
104545
104547
104533
104534
104517
104516
104528
104527
104530
104520
104550
104539
104518
104521
104540
104546
104543
104554
104576
104555
104557
104553
104552
104583
104556
104573
104551
104582
104585
104565
201259
104578
104560
104571
104562
104559
104579
104569
104572
138518
104584
104586
104574
104566
104564
159272
104567
104581
104575
104577
104580
104568
104558
104570
220245
104593
104611
104599
104601
104610
104602
104604
104612
104607
104614
104598
104594
104613
104605
104596
104600
104595
104591
104603
104597
104609
104619
104616
104617
104608
104590
104615
104592
104618
160032
104640
104587
104620
104638
104639
104627
104629
104631
104630
104642
104626
104645
104623
104633
104624
104635
104643
104628
104641
104636
104622
189209
104637
104646
104644
104647
104632
104634
145547
104621
104763
104666
104667
104679
104651
104681
104650
104649
203951
104648
104680
104652
104685
104670
104684
104672
104662
104677
104673
104669
139008
104682
104676
104675
104687
104657
104665
104664
104674
104661
104678
104683
104659
104654
104656
142985
104653
104671
104686
104660
165371
104663
189215
104689
104693
104700
104701
104697
104696
104702
104699
104690
104698
104703
104694
104691
104695
104788
104692
104739
104737
104721
104713
104731
104725
104712
104724
104741
104720
104704
104719
104740
104738
104706
104727
104735
104733
104723
104729
104718
104728
208419
104711
104707
104717
104705
104734
104714
104744
104726
104730
104708
104736
104722
104716
104710
104732
104742
104715
104745
104817
104768
104765
104793
104747
104771
104770
104746
104769
104756
104753
104775
104755
104751
104790
104752
104773
104794
104766
104754
104792
104757
104748
104776
104791
104774
104749
104758
104772
104789
104750
104786
104759
104783
104784
104781
104761
158931
104782
104764
104795
104777
104767
104760
104785
104780
104762
104778
104796
164696
104802
104829
104827
104831
104818
104813
104815
104800
189948
104826
104819
104833
104824
104797
104799
104808
104823
104830
104809
163791
104816
104814
104820
104822
104804
104811
104821
143517
104803
104801
104812
104828
104807
104805
104806
104810
104872
104842
104839
104879
104857
104853
104837
104847
104850
104860
104859
104834
104874
104865
104864
104844
104878
104880
104835
104867
104876
104858
104855
104877
104861
104838
104836
104870
104871
104845
104863
104862
104875
104868
104866
104869
104856
104854
104873
104843
104852
104840
104848
104846
104904
104849
104851
104902
189216
104893
104933
104928
104905
104911
104916
104890
104892
104929
104882
104885
104935
104938
104896
104889
104900
104926
104921
104913
104887
104936
104920
104937
104881
104899
139252
104907
104908
104898
104910
104909
104894
104903
104931
104912
104884
104918
104901
104934
203922
104915
104914
104932
104888
104917
163996
104891
104883
104906
104930
104923
104925
104924
104897
104985
104922
104942
104992
104963
104970
104953
104957
104940
104964
104951
104996
104974
104989
104944
104969
104946
104987
104955
104977
104947
104999
104950
104990
104961
104983
104965
189217
104981
104994
104988
104976
104971
104997
104982
104958
104945
104960
104998
104943
104973
104986
104972
104956
104962
104995
104959
104941
104978
104966
104968
104967
104954
104939
104975
104980
104993
104979
104952
104948
104991
104984
105030
105046
105020
105025
105013
105048
105039
105037
105026
105007
105035
105016
105053
105047
140886
223553
105043
105034
105032
105005
105004
105036
105027
105044
105008
105009
105002
105052
105045
105003
105040
105006
105042
105038
105022
105001
105014
105017
105058
105018
105010
105021
105033
105031
105000
105012
105055
105023
105057
105056
105050
105024
105049
105054
105019
105028
105041
105108
105059
105107
105080
228263
105084
105105
105067
105101
105114
105100
105069
105116
201257
105099
105064
105066
105083
105103
201258
105071
105094
105062
105092
105093
105065
105077
105088
105097
157132
105082
105078
105079
105085
105110
105104
105087
105095
105111
105102
105106
105112
158951
105060
105090
105070
105098
105096
105076
105074
105113
105073
105081
105068
105072
105115
105109
105063
105086
105091
105117
105118
201256
105135
105119
204732
105155
204699
105160
105152
204743
204765
105137
105138
204680
204713
105134
204690
204679
204769
105157
204708
105145
201357
204750
105154
204770
204767
105120
105122
105143
204681
204717
204768
204711
204766
105136
204731
105159
204692
105124
105128
105146
105158
105133
204754
105183
105213
204749
204687
105208
105162
105166
105167
105165
204701
204706
204753
204741
105206
204748
204688
204761
105186
204707
204710
204747
204682
204730
105210
204698
204742
125353
204736
204762
105211
204704
204718
105181
105194
204763
105188
105170
204724
204677
204685
204725
204719
105212
105207
204689
204726
204764
204678
204716
204722
204746
204720
105259
105260
105249
204675
204729
105224
105253
105242
105252
204705
204733
105251
105214
204712
204691
204760
158875
105225
105258
204721
105257
189219
204758
105256
105254
204697
204735
204740
204709
204686
204744
204676
105269
105246
204745
204728
204715
105265
105264
105266
204693
204674
105268
204738
105248
204700
204695
204739
105250
105255
105270
204759
204727
204752
141107
105261
204683
204751
105297
105274
105305
204755
105272
105292
105278
105273
105296
105288
105271
105280
105284
105294
105291
105279
105310
105282
105293
204737
204703
105289
105307
204734
105275
105287
105309
204757
105277
105285
105308
105286
105281
105290
105276
105306
105283
204756
204670
228261
105331
105364
105359
105354
105369
125344
105347
105348
105342
105340
201255
204684
105336
105352
105314
189220
105367
105355
105339
105357
105343
105319
105313
105327
105353
105366
105323
125411
204696
105324
105358
105346
204723
105334
105328
105326
105360
105356
105344
105333
105368
204673
105337
204694
105335
105349
105345
105363
105351
211447
204714
105325
105341
165475
105338
105332
105361
204702
105362
105389
105406
105398
105415
105401
105381
105412
165477
105409
105422
105413
105397
105400
140177
163997
165476
105382
105399
105404
105391
105402
105416
105414
105371
105420
105423
105394
105379
105383
105384
105418
105376
105421
105370
105386
105392
105405
105372
105374
105403
105393
105385
105395
105375
136338
105410
105396
105377
105419
105411
105408
105417
105407
105390
105434
105446
105451
105432
105454
105450
105457
105452
105459
105437
105426
105448
105441
105443
105439
105461
125412
105458
105442
105429
105440
105438
105453
105433
105460
105456
105449
105431
105445
105427
105430
105425
105455
105444
105424
105428
105435
189949
105538
114550
105463
105436
105447
105498
105469
105479
105470
105483
105473
105495
105489
105484
105472
105466
105494
105476
105482
105478
105468
105481
105500
105467
105512
105485
105486
105464
105475
105506
139714
105510
105504
105507
105503
105477
105505
105465
105493
105496
105480
105471
105497
105499
105490
105487
105508
105502
105501
105492
105474
105488
105509
105511
106114
106115
106116
105556
105573
105619
139265
105558
105586
105516
105618
105598
105559
105653
105527
105543
105525
105576
105552
105550
105621
105523
105607
105562
105602
105564
105582
105579
105610
105521
105567
105569
105533
105531
105566
105580
105600
105620
105588
105563
105675
105595
105519
105551
105603
105530
105574
105590
105526
105605
237147
105522
105585
105529
105557
105539
105514
105617
160531
163974
105612
105578
105597
105534
105554
105652
105553
105677
105592
105572
105560
105555
105599
105532
105571
165474
105568
105547
105528
105583
105594
125430
189222
105615
105611
105587
105606
105517
105575
105542
105609
105577
105535
105537
105570
105613
105596
105604
105541
105616
105591
140127
105593
105561
105614
234537
105513
105654
105608
105544
105515
105536
105581
105584
105601
105589
105524
105565
106117
105637
105656
105694
105684
105633
105683
105666
105624
105681
105636
105682
105632
105629
105648
105720
105693
105690
105667
105628
105691
105668
105664
134146
105649
209801
147072
223555
105647
105663
105686
105661
105634
105678
105660
105689
105640
105627
105665
105658
189221
105679
105687
105650
125431
105638
105659
105685
105655
105639
105662
105646
105688
105631
105680
105657
105641
105645
105696
105744
105697
105671
105673
105669
105642
105644
105695
105672
105643
105651
105698
105699
105670
105734
105746
105725
105731
105704
105721
105747
159282
105749
105732
105723
105708
105718
105706
105728
105735
105700
105724
105729
105750
105758
105974
105705
105748
105726
105703
105727
105757
105745
105717
105701
105707
105702
105730
106118
105739
105751
105752
105743
105714
105738
105719
105713
105711
105736
105741
105755
105740
149784
105737
105753
105712
105742
105715
105710
105754
105716
141105
106119
105796
105839
105770
105831
105778
105782
105835
105814
105767
105780
105764
105805
105766
105773
105769
105812
105760
105816
105781
105761
105833
105836
105779
105800
105807
105763
105819
105837
105797
105776
189223
105806
105825
105809
105815
105834
105777
105811
105802
105771
105822
105813
105803
106120
105810
105801
105804
105838
105774
105818
166394
189224
105820
105832
105823
105808
105817
105824
105765
105821
105768
105762
105829
105792
105784
105790
159554
105799
105786
105840
105789
105827
105787
105788
105783
105830
168631
105798
105795
105793
105785
139266
228141
105841
105842
106121
106122
105865
105857
105866
105845
105900
105843
105864
105889
105863
105858
105862
105867
105888
105844
105852
105894
105875
105856
105887
138404
105849
105859
105861
105860
105881
105886
105869
105893
105891
105895
105883
105890
105851
105884
105872
105868
105897
105846
105848
105880
105854
105877
105855
105874
105892
