199065
112374
198742
112366
223569
112387
112379
199061
199067
198813
199064
112406
199054
199062
199068
199057
199069
227929
199058
199063
112390
199059
199055
199053
112408
199050
112487
199052
112475
199039
199045
199047
112490
199046
199037
112491
112411
199038
112488
199048
199044
199040
199042
112489
199043
199051
199049
112445
199036
199041
199035
199034
112505
198760
198991
199025
228251
199017
199010
112485
112446
199001
112496
199028
199027
112457
112478
199019
199030
198998
199011
198995
112465
199018
199005
199026
199008
112492
199007
199000
199006
112467
112483
112502
199031
198992
199022
199016
112493
199020
112497
199024
112498
199029
112494
199002
199023
199015
112499
198999
199021
199014
199033
112434
112464
112500
198993
198997
112495
199003
112501
198778
199012
199004
112468
199013
199032
199009
112473
198996
198994
198990
198981
198795
112511
198786
112541
112527
198979
112539
198985
112545
198982
112530
198988
112538
198977
112524
112513
198972
198975
198987
198973
112532
198974
112537
198980
112523
112543
112542
190045
198984
198989
198976
198978
112531
112536
198986
198983
198955
112610
198803
198966
198960
198942
112583
112600
112591
198959
198941
112560
198969
112555
112604
198956
112606
198963
112598
198967
112602
112584
198800
198947
198952
112609
112546
112568
142117
198944
198940
198741
198946
198801
198945
112577
198949
112608
112588
198943
112601
198957
112574
112589
198968
198961
198971
198970
198954
198965
198951
198950
198964
198962
198958
112562
112605
112567
112599
112607
198953
112603
112580
112550
198948
198939
198938
198937
112701
198739
198740
112616
198929
198932
112698
198819
198919
198923
198922
198924
198933
112658
198931
198917
198935
112703
112671
112632
198936
112702
198925
112685
112704
198928
112617
198927
112659
198921
112662
112626
112670
198920
112700
198926
112619
198918
198930
112699
198934
198898
198913
112705
112648
198912
112692
112650
112712
198767
198911
198738
112676
112652
112663
198910
112706
198906
198772
198905
112643
198908
112710
198915
198901
112709
112646
198899
112697
198907
112668
112711
112647
198903
112667
112653
112654
198823
198900
112679
198914
112665
112645
112708
112641
198895
198902
198916
198896
198909
198904
112677
112637
112707
198897
198894
198882
198890
112719
198892
112739
190046
190047
198888
198880
112738
198881
198884
198887
198886
112742
198885
198810
112755
190049
112741
198883
198891
198790
198879
112724
198889
112740
190048
198893
112828
112726
198866
198822
190055
198876
198874
198869
112748
198873
112745
198861
198877
198863
190053
198867
198878
198875
205784
198871
112761
198870
112744
198864
190050
112731
198868
190052
190051
198872
198862
198865
190054
112831
112809
198860
198853
198859
197981
112799
198851
198852
112830
198856
112810
112812
145358
198858
112777
198046
112784
112829
112832
198438
197986
198857
197979
198855
198017
112807
198854
112805
198850
112657
144984
198849
112804
198431
112800
112834
198433
198437
198435
198033
112837
112789
198037
112833
197980
198041
198432
198430
198434
112836
198436
198045
112792
198028
198006
112794
197993
198004
112838
112790
112835
112817
112825
198428
198429
198010
112903
112906
198030
112882
197976
112877
198012
112892
198050
197972
198036
197996
198003
197970
198032
112904
112905
198009
198024
112902
197971
112907
198049
112798
198001
197967
198022
198007
198023
112908
198031
198038
197982
112897
197999
198008
198039
112883
198027
198040
197968
197969
197966
112945
112888
197962
198015
112862
197965
112912
197991
112900
197963
198044
112889
198005
112887
198020
112863
112867
197964
197992
112909
198047
112855
197975
112859
197994
112910
198048
112911
112913
198035
198011
198021
197978
198014
197985
197961
198025
112966
198016
197960
112968
112946
198426
112971
198018
198026
197995
112924
112947
112969
112970
198019
112951
197974
197988
198013
197989
198427
112928
198034
198000
198042
197983
112975
197973
197977
197955
112972
197952
197953
112949
197990
112976
112980
197957
197954
112954
198043
112977
112981
198002
112973
197987
197958
198029
197998
197997
198425
197984
112933
197959
112942
112974
197956
112978
112979
197951
112901
198413
198394
198403
113027
198402
198392
113060
113022
198405
198417
113033
113049
198414
198393
198422
198398
113062
198419
198395
198410
198423
113026
198407
112989
198421
198415
113059
113024
113039
113056
113061
113044
198412
198406
165351
113048
198404
113057
198420
113058
198418
198408
198399
198416
112987
198400
198397
198411
198401
112997
198424
198409
198396
198391
113066
198382
113069
198378
113032
198373
198372
198388
198385
198371
198381
198376
198377
113068
198375
149212
198379
198374
113064
113065
198389
113067
198384
112962
113072
113071
198370
113030
198383
113070
113029
113053
198386
198380
198369
198390
113063
198387
113100
198368
113087
113074
113088
198358
198359
113092
113095
113106
198366
198367
198363
198362
198356
198357
113103
113089
198364
113105
113104
113101
198360
113096
113102
113098
113091
198361
113099
113077
198354
198353
198355
198365
198336
113174
113134
113126
198351
198347
198349
198350
198324
113139
198344
113153
198326
113170
113148
113175
198352
198342
198335
113171
198323
198322
198340
113144
198345
113150
198337
113166
198339
198331
113151
198321
198343
113122
198318
198334
113116
113131
198330
113140
113165
113145
198332
113164
113168
198341
198329
198338
113173
198327
113155
113169
113163
198348
198319
198325
113135
113172
198333
198320
198328
198346
198303
113252
113249
113250
198316
113225
113237
113223
198305
198314
113193
113224
198307
198315
198301
113251
198286
198299
113214
113244
198311
113246
113221
198300
198317
198295
198297
198298
113220
113216
198306
198296
198288
198304
113247
198287
198294
113248
198302
198313
113176
113199
198291
113227
198309
113240
113213
113228
198290
113238
198292
198312
198293
198310
198289
113245
198308
198276
198279
198271
198285
198277
198281
113257
113202
198270
198272
198284
113256
198280
113219
113254
198274
113259
113253
113243
198273
158292
113255
198282
198275
198283
198278
198269
113138
198268
198267
198256
198242
113266
113273
113260
113336
113335
113334
113328
198266
113302
198257
198264
198237
198239
113331
198265
198247
113333
198258
198246
198243
113329
198248
198255
113275
198240
198245
198238
198260
198254
113322
198241
198250
198262
198261
113330
198253
198263
113332
113307
198244
198251
198259
198252
198249
113281
113283
113312
198222
198220
198217
198227
198234
113339
113313
198225
113314
198236
198224
198233
198228
198221
198218
198219
113286
113296
198232
113338
113315
198231
113337
198223
198230
198235
198229
198226
198216
198215
113398
113395
198199
113341
113397
113396
113373
198202
113383
194077
198204
198206
198197
198212
113374
198211
113381
198214
198203
198201
198200
198205
198209
113371
198208
113399
198213
113352
198194
198196
198195
198207
113354
198198
198210
113400
198186
198187
198183
198191
198179
198181
113369
113364
198192
113401
198189
113387
113394
113386
113391
113404
113388
198184
113403
198178
198182
113402
198185
198190
198188
198177
113358
198193
198180
198176
113327
113418
198165
113457
113408
198174
198170
113466
198161
198160
113469
198162
198164
139223
113442
198171
113468
198175
113467
198169
198163
198173
198159
113414
198167
113413
198172
198166
198168
113416
113441
198151
113424
113455
198154
113470
113473
198148
113453
113474
198156
198152
198155
198158
198149
198153
198157
113471
113472
198150
113405
113480
113432
198143
198140
113479
198141
198136
198137
198144
198138
198145
113445
113477
113456
198147
113475
198135
198134
113478
198142
198139
113433
113476
198146
113524
198129
113546
113497
198121
198123
113554
198116
198127
198109
198131
198111
198103
198114
198130
198110
198126
198118
198112
113527
113547
113534
198115
198102
198124
198117
113548
198120
113502
198107
235897
198128
113549
113530
198108
113550
113545
198104
113499
198101
113481
113553
113540
113552
198105
198119
198125
198132
198122
113551
198113
198133
113465
198100
113510
198098
113518
198097
113513
113555
198087
198090
198099
113558
113521
198094
198091
113536
113556
198089
198093
113557
198095
113559
113515
198096
198088
198092
198086
198075
198063
113608
198082
113583
198066
198057
113563
113611
198081
113615
113610
113609
113585
113612
198053
198055
198069
198065
198076
113578
198080
198067
198064
113614
113566
198058
198074
198061
198054
198079
113595
113613
198070
113589
198062
198071
113588
113591
113593
198085
198060
198077
198052
198084
198068
198072
198059
198078
113602
113604
198073
113598
198083
198056
113677
113617
197144
113681
113625
197142
197562
113687
197571
197149
197126
113684
113678
197118
113673
197129
113679
197568
197083
197121
197569
197101
197572
113690
113680
197561
197563
197566
113668
197138
197559
113688
197560
197567
113683
197141
113682
197157
113653
113655
113686
197565
197156
197158
113662
197137
113689
113685
197564
197570
113633
197558
197148
197554
197116
113694
113697
217401
113643
197106
113698
113696
197103
197557
197124
197555
197125
125419
113638
197078
113661
113691
197081
197155
113693
197131
113675
197134
197107
113656
113699
113616
198051
197076
197080
113740
113726
197105
197123
113742
197111
197075
113744
113733
113711
113731
113745
113746
113702
197117
197077
113700
197082
197154
113741
113739
197120
113710
158251
113743
197089
197088
113750
113751
113728
197072
197096
197153
113720
113712
113754
197140
113753
113755
197115
197074
197073
113749
197093
197113
197104
197136
113748
113729
197147
113738
191960
197079
197122
145325
113713
113827
113826
197099
197071
197553
113833
197070
113820
197119
113766
113768
113763
113835
197132
113834
113790
113830
197094
197098
197095
197109
113836
197133
113828
113829
197143
197128
197091
113762
197087
197152
197110
197084
197092
113791
219945
197114
197130
113837
197127
197151
197150
113779
197062
197069
113804
113817
113814
113842
197066
113812
113840
197108
197102
197146
113796
113818
197065
197097
113783
113785
113841
197061
197100
197145
197139
197090
113803
197067
197060
197085
113793
197063
197059
113839
197064
113807
197135
197112
113843
113838
113824
197086
197068
113825
113773
113844
113845
197552
113878
197550
197544
113880
197549
113899
113895
197551
197546
197548
197547
113884
113848
197545
113905
113907
197535
197515
113902
197530
113871
197526
113869
197527
113909
113891
197516
197518
113904
113908
197542
197538
197528
113903
217407
113856
197519
191961
197539
113890
197524
197531
197523
113860
113901
197540
209203
113882
197525
197533
197520
197543
113879
197536
113906
197534
197537
113897
197517
197532
197529
197541
197522
197514
113916
197511
197506
197512
197513
197507
197508
197510
113955
113956
113950
197505
197509
113932
113958
197502
208786
197495
197481
113961
113930
197483
113963
197484
197498
113959
197503
197485
197487
197497
113937
113965
197482
197501
197500
197489
197488
197486
197491
197504
113948
113919
113960
113942
113920
113962
197496
197499
197492
197490
113957
197493
197494
197480
113966
113967
197479
114025
197468
197477
197474
114008
197469
197471
197476
114020
114027
197473
113972
113971
197470
197467
114026
197472
197475
114028
197478
209787
114018
113983
197460
197443
197462
197464
114030
197465
197444
197463
114036
197459
197451
113979
114015
113991
197441
113981
197439
197466
113984
197447
197452
197457
197449
197446
114017
197448
197458
197450
114032
197455
114016
197461
197445
197453
113994
114034
114035
114000
113988
114029
197442
114033
197454
197440
114031
197456
114101
146465
197438
197430
197433
197432
114039
197431
114102
197434
197429
114077
114103
197435
197437
197436
197428
114104
114105
114112
197425
197423
197408
197411
114060
114080
197416
114100
197415
197420
145361
114048
114093
114106
114081
197419
197421
114085
114107
114108
114111
197406
197404
197399
197397
197414
114113
114052
197426
197398
114055
114110
197412
197413
197410
114114
114054
197405
114066
197424
114109
114065
197417
114059
197403
114068
197407
114057
197418
114053
114086
197409
197422
197427
197402
197401
114069
197400
114115
197396
197395
197381
197392
114168
197391
197388
114121
197384
114167
114169
114166
114123
197389
197393
114128
197390
197394
197380
197386
114160
114146
197387
114165
197383
114148
114117
197385
197382
114174
197379
197366
114170
114175
197368
197371
197370
114161
114151
197374
114173
197359
197365
114171
197373
197376
197377
197362
197369
197378
114172
197363
197364
197372
197375
197361
197367
197360
197358
197357
197356
114185
114244
114227
197355
197340
197334
114243
114215
197336
197346
197343
114197
114245
197330
197339
197351
197345
197350
114246
197347
114216
197348
197342
197344
197354
197332
197341
197353
114247
197337
197329
197352
197349
197331
197328
197335
197338
114242
114202
197333
197327
197308
197317
197323
114253
197322
197315
114251
197309
197324
197306
197319
197316
114220
197311
197318
197313
114254
197307
197321
114250
114235
114248
114252
197326
197314
197312
197310
197325
114206
114219
197320
114249
114205
197305
197304
197295
197280
197288
114275
114289
197301
197276
114284
114292
197289
197283
197296
114290
197297
191976
197285
197291
197277
114297
197286
114263
197287
197292
114298
114287
197298
191977
114278
197282
197278
197284
114296
197290
197279
197294
197303
114260
197293
114295
114283
114301
197281
197302
197300
197299
114352
114310
197275
197273
114353
114350
197270
114342
114349
114343
114335
197272
114306
197271
114334
114351
197274
114308
197269
114255
197268
114357
197248
197266
197262
197244
197246
197251
197265
197243
114363
197256
197264
197255
197267
197249
197253
197258
186634
197250
114324
114331
114360
197252
114354
114341
114359
197242
197263
114355
114361
114338
197245
114325
197260
197257
114362
114358
197247
197254
197261
114315
197259
197240
197226
197236
114418
197232
197227
197228
197225
197241
114417
197239
197230
197224
114416
197237
197235
114410
197234
114402
197233
197229
197231
197238
114421
114420
197220
197221
197223
114375
197216
114406
114395
114377
197218
114385
197215
114422
197217
114419
114382
114396
197222
114423
114732
197219
114733
114408
114426
197214
197207
114414
197213
197203
197210
114424
197205
197211
114428
197204
197206
197208
197209
114389
114407
191978
114425
197212
191979
114481
197190
114490
114471
197192
197193
114482
197191
114437
114483
197194
197195
197198
197202
197197
197196
197200
114489
197201
197199
114464
114480
114465
197184
197185
114493
114486
114491
197183
197189
114494
197181
197186
114485
114475
197188
197187
197179
114492
197180
197182
114484
197178
197166
197175
197177
197164
114466
197171
197173
114456
197172
197163
114495
197169
114458
197170
197165
197174
197168
114477
197176
197167
197162
114496
114500
114525
114503
114544
114530
114531
114504
114499
114501
114543
114497
114541
114506
114502
114524
114505
114522
114523
114532
114546
114539
114517
114510
114513
114533
114511
114547
114521
114514
114535
114520
114509
114526
114548
114549
114507
114508
114537
114512
114538
114518
114527
114515
114534
114536
114545
114516
114519
114528
114560
114563
114562
114607
114564
114591
114622
114612
114551
114624
114570
114569
114623
114613
114614
114598
114609
114553
114557
209144
114606
114625
114568
114611
114571
114561
114593
114552
114626
114559
114567
114558
114616
114565
114554
114610
114566
114617
114621
114592
114596
114556
114597
114615
114608
114595
114572
197161
114540
114529
114576
114584
114585
114578
114579
114586
114587
114582
114581
114605
114603
114590
114599
114618
114588
114619
114629
114573
114575
114600
114589
114604
114594
114627
114602
114628
114583
114601
114574
114672
114674
114641
114646
114668
114662
114647
114673
114642
114663
114664
114654
114657
114643
114661
114665
114644
114630
114632
114645
114638
114658
114656
114666
114635
114670
114655
114659
114651
114648
114653
114669
114634
114650
114631
114671
114636
114660
114637
114633
114649
114639
114652
114720
114675
114721
114676
114678
114677
114722
114705
114683
114714
114713
114684
114687
114680
114712
114703
114682
114685
114707
114681
114686
114724
114706
114679
114723
114715
114716
114691
114699
114700
114730
114702
114692
114704
114725
114690
114695
114728
114701
114731
114729
114689
114694
114717
114718
114709
114726
114688
114719
114693
114697
114698
114727
114710
114708
114711
114789
114778
114736
114770
114772
114734
114756
114771
114737
114759
114735
114757
114769
114773
114738
114754
114758
114774
114751
114760
114740
114748
114768
114741
114739
114787
114777
114746
114767
114764
114755
114743
84818
114762
114765
114779
114761
114788
114747
114780
114752
114784
114786
114776
114763
114750
114766
114783
114785
114745
114781
114749
114782
114744
114753
114775
114742
114850
125420
114798
114799
114792
114790
114852
114796
114828
114840
114829
114849
114819
191982
114839
114820
114827
114793
114821
114851
114794
114848
114791
114797
114830
114853
114842
114832
114859
114800
114858
114818
114841
114856
114815
114817
114846
114814
114857
114825
114802
114816
114834
114811
114836
114809
114835
194078
114812
114833
114826
159014
114831
114844
114854
114837
114843
114824
114813
114823
114801
114803
114807
114805
114806
114810
114808
114804
114855
114917
114947
114918
114913
114906
114863
114861
114872
114907
114912
114909
114910
125421
114868
114864
114871
114867
114873
114891
114869
114870
114862
114866
114865
114896
114875
114895
114877
114886
114908
114905
114884
114892
114885
114899
114893
114888
114881
114904
114914
114901
114889
114878
114887
191984
114883
114900
114874
114894
114898
114880
114916
114902
114915
114879
114903
114897
114882
114919
114860
114838
114948
114975
114925
114926
114922
114967
114957
114928
114927
114920
114950
114956
114923
114924
114966
114951
114921
114929
114970
114949
114940
114968
114981
114941
114983
114961
114979
114938
114937
114931
114971
114964
114973
114930
114954
114976
114959
114980
114936
114963
114960
114944
114943
114962
114955
127939
114974
114933
114935
114969
114953
114945
114958
114934
114972
114978
114977
114932
114939
114946
114982
114965
114942
114984
115055
114999
115044
115036
114998
115021
115032
114995
115025
114996
115046
114991
114994
115023
115045
115024
114988
115000
114990
115035
115034
114993
115033
114992
115026
114989
114997
115006
115002
115049
191998
115051
115010
115011
115052
115041
115008
115031
161152
115027
115018
115040
115029
115042
115015
115004
115014
115009
115038
115037
115019
115012
115039
115050
115001
115028
115048
115054
115030
115017
115022
115053
115003
115013
115043
115047
115020
115005
191997
209155
191996
115114
115056
115115
115063
115118
115117
115109
115108
115057
115061
192000
115064
115060
115058
115090
115119
115120
115059
115062
115116
115065
115066
115102
115097
115104
115077
115072
115086
115125
115081
115073
115124
115075
115123
115092
115078
115111
115100
115071
115093
115087
115112
115122
115080
115083
115082
115070
115068
115098
115106
115101
115105
115084
115103
115126
115076
115091
115099
115094
115095
115110
115079
115113
115096
115085
115074
191999
115069
115107
115089
115088
115178
115150
115132
115171
115128
115149
192001
115131
115162
115130
115148
115133
115147
115163
115173
115159
115161
115160
115129
115127
115207
115135
115140
115152
115137
115151
115134
115136
115143
145544
115164
115174
115165
115138
115139
115153
115141
115175
115184
115166
115181
115183
115168
115177
115155
115158
115169
115185
219995
115188
115146
115189
115187
115157
115167
115182
115145
115186
115179
115142
115176
115180
115144
115170
115190
115203
115231
115234
115208
115191
115229
115202
115197
115193
115209
115199
115200
115196
115192
192002
115194
115230
115210
115198
115233
115221
115195
115250
115248
115245
115243
115246
115235
115213
115204
115223
115236
115251
115212
145362
115224
115215
115249
115211
115247
115244
115242
115214
115222
115201
115217
115226
115228
115268
115261
115237
115205
115252
115257
115262
115253
115240
115265
115227
115206
115264
115216
115254
115260
115267
115238
115225
115218
115241
115269
115219
115266
115259
115258
115255
115263
115256
115239
115296
115316
196551
115312
115311
115317
115275
115278
115295
115276
115314
115318
115298
115277
115319
115313
130682
115284
115297
115286
115282
197014
115324
115321
115283
197009
115334
197008
115290
115293
115273
115300
115270
115291
115280
115299
197004
197010
197011
197012
115302
115279
115308
197007
115320
115294
115305
115306
115272
115281
197006
197005
115310
115304
115309
197013
115274
115303
115271
115292
115288
115289
115285
115287
115307
115355
115220
196550
115371
196546
115357
115335
196549
115336
115356
196547
196605
196557
196545
196555
196564
196621
196603
196599
115340
196563
196606
196548
196626
196538
197003
196561
115406
196534
196596
196601
196576
196585
196537
115394
115359
196583
196567
196541
196584
115410
196597
115401
115360
115380
196560
196574
196571
196558
196544
196595
115361
196591
196588
209162
196554
196562
115395
115351
115362
115349
196627
196612
115433
196540
196579
196536
196543
196542
196602
115418
115407
196535
196592
115337
115434
115352
196604
115363
196556
115417
196590
196609
196539
115435
115430
196569
115438
196533
196531
115449
115422
115411
196568
196586
115413
115439
115436
196570
196532
115450
115431
115420
196572
196600
115446
196620
196575
196582
196594
196566
196608
115437
115421
115510
196553
196623
196529
196577
115470
196578
115498
196580
115505
115501
115460
115486
196565
115485
196611
196530
115474
115479
115453
115504
115469
196615
115487
196587
196552
196619
115455
115497
196625
196581
115503
115500
196559
115488
115502
115499
196593
115452
196617
196614
196598
196607
115364
115562
196589
196996
115491
196573
196997
196624
197001
196994
196616
196618
115508
115471
196613
115514
197002
196998
115511
115507
115492
196622
196995
115513
197000
115493
196610
196999
196986
196977
196979
125423
196992
115565
115548
196983
196972
196971
196980
115569
115559
115558
196982
115570
196989
115547
115571
115542
115532
115525
196991
115572
196978
115563
196974
115535
196987
196975
115543
196981
115551
115564
196984
115549
196976
196985
115540
166424
196988
115554
115538
196973
196993
115530
115566
196990
196528
115606
115644
115578
84816
196962
115615
115582
115646
115647
196959
196957
115645
115632
196955
196956
196969
115616
196967
115648
196966
196965
196958
196964
196970
196968
196961
196963
196960
115634
115651
196942
196943
196949
115650
196945
196954
196948
115636
196947
196941
115638
196944
196946
196940
196952
196950
196953
115649
196951
196939
115652
115738
196928
196935
196921
196936
196930
115624
115623
196938
134371
196934
196927
196923
115654
196925
115611
196932
196933
196924
115610
196926
196931
115605
196922
115612
115621
196929
115595
196937
115597
115596
115653
115655
196920
115708
196913
196917
115665
196908
196910
196905
115724
115662
196912
196916
196919
115740
196915
196914
115666
196909
196906
115741
115742
196911
115739
115707
196918
115709
115664
196907
115669
196904
115657
115747
115716
196887
196885
115728
196898
196903
115681
196886
115676
196901
115678
196889
196902
196884
196896
196895
196897
115745
196894
196883
196899
115712
196888
115744
115743
115684
196892
196891
115701
196900
115746
196882
196881
196893
196890
196868
196870
196879
115691
196869
196872
196878
196864
115719
196873
115723
196865
196871
196867
196877
115748
196876
196875
196866
115696
115736
196880
115702
115734
115692
196874
196862
196863
196856
115802
196850
115784
115801
196852
196845
115800
196854
115797
115752
196853
196848
219663
196849
196857
196860
196855
115792
115754
196840
115765
115804
115787
196847
196841
196858
196842
196859
115759
115803
196846
196851
115799
196839
196843
196861
196844
196838
115805
115811
115806
196832
115767
196831
115807
115778
115808
115794
196835
196829
115793
115810
115768
196837
115776
115770
115777
115809
196836
196833
196834
196830
115878
196821
115884
196799
196802
196808
196814
115859
115822
196822
196824
115877
196805
115858
115879
196826
196825
196815
196801
196803
196820
196806
115867
196819
196818
196798
115871
115837
196823
196800
115865
196807
196817
115880
115869
196810
115881
196795
115883
115856
115885
115882
115845
196796
196804
196791
196828
196809
196811
196793
196797
196794
196792
196827
196812
196813
196816
115947
115948
196790
115874
115855
196784
196789
196782
196786
115862
196783
115849
115886
196785
196787
196788
196781
196780
115864
196779
196757
196752
115899
196762
115941
196769
196758
196753
196761
115898
145668
115933
115950
196768
115927
196773
196759
196778
115891
196774
196764
196755
196772
196775
196776
115931
115894
115928
196760
196767
115925
196754
196771
196756
115904
196763
196766
115922
196765
196777
196770
196751
196742
115918
115944
115951
115946
196744
196741
196750
196747
196743
196749
115919
115934
115911
196746
196748
196740
115913
196745
196734
116007
196728
196736
196726
196727
196738
196735
116016
115958
116025
196733
116005
196725
196730
196737
116024
116027
115961
116026
196732
196739
115965
196731
196729
116003
196702
116028
196710
196707
196701
196709
115995
196718
196703
116008
196711
116011
115984
196694
196720
116029
196698
196696
196700
196722
196723
196713
196697
196721
196724
115988
196715
196717
116010
116019
196706
196708
115977
116002
116013
196704
115978
196716
196699
196714
116004
116021
196695
196705
196719
196712
227927
116033
211175
211173
196688
196692
196693
196687
211201
211253
116082
211215
196691
196690
211151
196689
116072
116250
196683
196668
196654
116100
116078
196672
196682
211153
196685
211243
116111
196673
196677
196676
196650
211149
116091
196660
211213
116110
196666
196665
116073
196675
196679
211247
211159
116075
196661
196649
116060
211221
196678
116099
211187
211147
196680
196651
196656
196674
211255
196664
196657
146411
196659
196662
196670
196669
196686
211207
211251
116074
196653
116089
196684
196667
196663
211171
196652
196655
196658
116097
196681
196671
211263
196641
196640
196644
211195
196518
116144
116160
116147
196648
116171
116161
211225
211163
196643
196647
196642
196519
196645
196646
196517
196516
116166
196508
196638
196510
196097
196118
196639
116169
196631
211237
116138
196505
211219
196513
196629
211145
196511
196509
116142
196514
116175
196515
196634
196125
211273
196506
116167
211143
196630
196112
196633
211205
116129
196512
196632
196635
116176
196637
116130
116145
196507
196636
116157
211223
196628
196056
196067
196109
196049
116208
196070
116184
196052
196050
196057
196087
196121
116214
196126
196051
196091
211141
196080
116220
211135
116242
116207
196107
116204
196099
196040
211245
116249
196044
196079
196078
196123
116206
196064
196100
196046
196082
196101
196124
196045
196108
192038
196117
211231
196076
196043
116225
116210
116236
196041
196047
196048
211241
196069
116233
116237
196111
211137
196119
116239
196104
196120
116205
196114
196115
196122
211139
196042
196093
196106
116219
116251
196054
196058
196074
196038
116288
196094
116289
116258
196113
196037
196039
196068
116253
196066
196077
116278
196103
196071
116290
116291
116274
116285
116286
116271
196110
116287
196062
196089
196081
196090
196095
116263
196035
196034
196086
196036
196063
196096
116280
196055
116282
116273
116389
116362
116355
196033
196098
196075
196502
220001
167211
116293
116294
116471
116356
116304
196105
196032
196504
196085
196088
116303
196501
196092
116354
116301
116352
196499
116300
196503
196084
196500
116358
116359
196496
196028
116351
196102
196495
116342
196083
196116
196073
196493
116357
196061
116324
196065
116314
116312
116361
116338
116321
196492
196494
116360
196489
196490
196029
116317
196497
196030
196072
196059
146713
196053
196498
116315
196060
116329
116348
116346
196031
196027
116403
196488
196484
116390
116365
116402
196481
116404
196485
196482
116368
196483
196486
116405
196487
196466
116383
196478
116381
116409
116408
116416
196469
116378
196480
196473
116372
116413
116415
116398
116412
196476
196471
116411
116376
116399
196479
116407
196467
116410
196474
116380
196477
196472
116386
116414
116391
196475
196468
196470
116388
196465
196464
196463
196459
116472
196458
196452
116475
196454
196457
196456
116451
116474
116424
116423
116453
196449
196451
196460
196450
196461
196453
196448
116473
196455
196462
196447
196446
196439
196441
196430
196419
196437
196429
116439
116477
196426
196427
196422
196432
116466
116468
196425
196436
196423
196424
196435
196440
196421
196420
116476
116436
116435
196443
196433
196428
196431
196444
196442
68301
196438
116441
116432
196434
196445
196418
196408
196410
196409
196416
196413
196417
196412
116512
116529
116485
196411
116486
196415
116530
196414
116490
116531
196388
116494
128054
196391
196404
196395
116502
196390
196396
196400
196397
116534
196402
196389
116533
116536
116509
116515
116535
196406
196405
196403
116521
196407
116505
116496
116532
196401
196394
196393
116493
196392
116497
196399
116503
196398
196387
116602
196386
116591
116581
116578
192041
196370
196367
196364
196368
196378
116580
116589
196365
196383
196363
116572
116586
196374
196372
196382
116592
196376
196380
196375
196379
196377
196381
196373
196366
196371
116594
196369
116590
116542
196385
196384
116588
192040
116579
116593
196362
196361
238801
116564
196353
116600
196357
196350
196359
196348
116598
116601
116595
196356
196352
196358
196354
116597
196351
116599
196355
196349
116596
196360
117197
196345
196347
196346
222743
196331
116656
116612
196343
196330
116619
116637
116649
196339
196340
116639
196326
116659
116609
196325
116631
196332
196335
196328
196341
196344
116658
196329
116657
116655
196327
196333
196324
196336
116634
196337
196338
116611
196342
116642
196313
116660
196322
116622
196321
196318
116653
196320
116651
196323
116624
116628
196316
196317
116626
196314
116623
116650
196315
196319
116697
116696
196307
196308
116666
196310
116688
116704
196304
116662
196306
116663
196311
196312
196309
116705
196305
116664
196295
196293
196297
116706
196292
196294
196296
196301
116700
116691
196302
116707
116677
196299
196298
196303
196300
116693
116679
116709
116684
116708
196291
196288
196289
116695
196286
116694
196287
196290
145363
196285
116767
116761
116762
196284
165733
196275
116712
196274
196282
116763
116717
196278
196283
116764
116735
196279
196280
196276
196281
196273
196277
116715
116714
116734
196268
116724
196265
116765
196271
196272
196270
196269
196264
196266
196263
196267
116727
116757
196258
196251
196254
116766
196256
196262
196252
196253
196259
196249
116725
196250
196257
116748
196260
116760
116730
196261
196255
196248
196247
196245
116801
196246
196243
116802
196241
116769
196244
196242
196232
116787
196238
196231
196230
116792
116775
116798
116799
196237
196234
116782
116784
196239
116774
196235
116791
116804
116771
116778
116773
196240
116777
196233
196236
196229
116805
116844
196224
116830
196226
196221
116846
116809
116847
116845
196228
192045
196223
196225
196227
196222
116842
116837
142123
196209
196212
196213
196220
116834
116818
196216
196215
196219
196210
116820
116823
116849
196211
196205
196218
196217
196207
196206
196208
116833
196214
196204
196182
196194
116868
196191
196202
196181
196198
196200
196190
116858
196183
196197
234657
196186
116898
196184
116869
196199
116876
196185
196193
196196
116854
196178
196192
116899
196187
196180
116851
144346
196195
196176
116897
186635
196179
116900
196189
196203
196201
116884
196177
116871
116859
196175
196188
145541
116873
196172
196170
196173
196171
116887
196169
196174
196159
116907
116929
116906
196162
116926
136263
196166
116913
196154
116902
116918
196164
196165
116924
196168
116915
143084
196156
196160
196161
196167
196158
196163
116910
196157
116928
196155
194965
116971
116970
196151
235907
116958
116972
196152
196153
195366
116975
116934
116941
116976
196142
116962
116967
196136
196145
196140
196150
116938
116973
116950
196148
116949
116953
116936
196138
196144
194992
116957
116977
196141
196143
116956
196146
116965
116960
116966
116974
196147
196137
192047
196149
196139
192237
195365
196134
196135
116952
195364
195363
195362
195361
117001
196133
195359
117012
196130
117019
196132
196128
116979
116982
195357
117017
117013
117018
116980
196129
195358
116981
195360
117011
209871
116997
196131
195352
195354
195351
195019
125352
195349
227925
195353
195355
116992
117022
117002
196127
195356
117008
194967
194991
194964
117009
195350
116989
117020
117005
195346
195347
117046
195348
195342
195013
117045
195345
195018
195341
195339
195340
117036
195343
194974
195001
117032
195344
195332
117047
194962
195026
195338
195331
195333
194961
117051
195334
195336
227923
195335
195000
117089
117071
117068
117086
117081
195017
195337
195330
117088
117048
194963
117059
195326
195328
195327
117075
117058
117090
195329
195325
117078
194981
195323
117067
117158
117061
117066
195324
194971
195322
195321
195005
117109
194973
192048
117159
117123
195320
117165
195312
195319
195313
117110
195311
195310
192049
117096
117115
117101
117125
195318
195314
195316
195016
194989
195024
195315
117100
195317
117166
117091
195309
117105
195306
195307
194975
195308
117108
117118
195304
195302
117150
117128
195305
117160
117148
195010
194986
195003
195303
195301
117145
195300
117143
195297
195294
195296
195295
195299
117144
194960
117141
117161
195290
117134
117156
194990
117135
195293
195298
195291
195292
117138
194959
194958
195284
117188
195286
194957
195289
117176
117171
117174
117189
117187
117199
195288
195285
195287
117194
195281
117186
195277
195283
117200
195282
195009
195280
195278
117185
195279
117201
117196
195276
195275
117183
195271
194997
117206
195274
117205
195273
117207
195272
117233
117234
195263
194987
117230
117237
195259
195264
195262
195269
117235
192078
195260
117216
195266
117232
195265
195267
195268
117231
195270
117222
117226
117219
194956
195261
117225
195254
117268
195252
117253
194954
195250
195256
117272
117277
195258
117265
117243
117254
117259
195249
195251
194955
117278
117242
117263
195253
117264
117270
195007
227921
117261
117240
195255
195257
211133
194977
195246
195248
117274
195243
195247
195012
117255
117275
195244
195245
117247
117332
117252
194968
194999
117285
117305
195236
195239
195231
195234
194953
195233
195232
195238
195229
117316
195237
117302
195241
195235
195242
117317
194952
195230
211131
195240
117284
211129
211271
195220
195225
195228
195223
117319
117291
117314
195224
195221
195227
195226
117297
117315
195222
117327
195219
195218
117333
117335
117330
211155
195217
195213
211185
211127
117337
195215
211125
117326
195214
117329
194988
195216
211229
194994
117357
117356
195211
194976
194972
117355
211117
211123
211227
195212
195209
194951
117368
117349
195006
117365
117360
211121
195210
117338
211119
117342
117539
117364
195208
194984
211167
195206
117352
195207
211197
211165
117363
211115
211189
195202
194950
117404
195201
195205
211275
117394
117383
195204
117405
194949
211235
195203
194948
211109
117401
211113
211191
195199
211107
195198
117387
117402
117397
195197
211111
211261
117392
194947
195200
117540
211079
117417
211103
194946
117414
117432
195195
117412
211217
211161
211209
211105
195196
117416
195194
192080
195190
117433
194945
195193
117422
211101
117447
195188
211099
117434
195192
195189
117440
211169
117421
195191
194985
117424
117439
195187
195185
117441
192081
117448
195186
211097
195182
117454
117484
195183
195181
117487
211179
195184
195177
117492
195180
117491
195179
211095
195174
195173
211193
211157
195178
211269
211233
194943
211199
195176
211211
117459
117480
195175
117477
194944
211259
117578
211239
117472
117475
211093
195171
195169
194942
117467
117493
195172
117476
195170
165031
195168
211257
195020
117524
211091
117509
117531
117503
211265
195162
195167
195023
211183
195163
194983
211089
211177
211249
117506
195165
195166
195164
211267
117528
211181
194941
195151
195157
117527
117529
117537
195154
195161
211085
195153
195152
195155
195159
211203
195160
195158
211087
195156
194938
117555
117571
117583
195144
195149
194940
117554
195141
195142
117580
117586
117581
117575
194978
195148
195145
195143
194995
194939
195150
192084
195002
117584
195147
117568
117565
117582
195146
195011
117587
117545
117552
117585
194937
211081
117588
117596
195137
195136
117566
211083
195139
195138
117589
195140
117561
117592
117590
194993
117591
117595
192085
117594
117574
192086
195135
192088
192089
117701
195134
117703
195133
194935
195131
195127
117645
195129
117600
117623
195132
117642
195130
195126
195124
117603
117639
117644
117607
195022
194936
117628
195125
117640
117611
117643
117638
195128
117641
117635
195123
117613
195119
117650
117619
117633
117631
195122
117634
195116
117612
117648
195121
117647
117649
195120
227919
117630
195115
117618
195118
117614
195117
117778
195114
117798
195108
117688
117682
195112
117670
117657
117689
117658
117687
117669
194934
195015
117672
117654
195110
195111
195109
195113
195107
194979
117697
195098
117691
195025
194996
195096
195103
195097
192091
117693
117663
117668
194933
195100
195102
117662
117692
195008
192092
117676
195101
117690
117695
117661
194966
195105
195099
195104
195106
117785
117741
117734
195095
192093
117740
194970
195094
117708
195093
117739
195092
228099
195014
195088
117733
117738
117725
194969
117710
195091
195087
195089
195090
117728
117718
117742
117720
195021
195081
192094
195082
117722
195086
117731
195085
195083
117744
117727
195084
194980
192111
117780
117748
117786
195077
117779
195079
195078
195080
195076
194932
117781
117773
195073
117774
117769
195069
117766
117791
117790
195067
117796
195064
117797
117758
195068
195074
117794
117783
117795
117751
117787
117789
195075
117768
117793
117788
117761
145328
117763
195072
194931
195065
195066
195071
117756
117792
195070
117764
117784
195063
195062
192112
195057
195058
117835
117871
194998
195052
195054
195060
117834
195051
195055
117801
195061
117833
195053
117822
195056
195059
192113
117825
117838
117836
117832
195047
117840
195043
195050
117808
117827
117810
195045
117815
117837
195044
117817
195004
195049
194982
195048
117841
117839
117821
195046
192114
192136
117851
117873
194927
228249
117890
117887
117848
194928
117855
117845
195033
117853
117884
117889
195038
195041
117882
117883
117894
117888
195036
195037
117875
194930
195031
117880
117867
195034
117854
117895
195042
195040
195030
195032
194929
117881
195035
195039
192138
117876
163032
117878
117885
195029
117877
117896
117863
117866
195027
117897
195028
117886
117879
117862
117865
228247
206414
192140
117945
192100
117929
117942
117927
117933
192105
192107
117928
192103
117944
192109
117905
192104
117948
192101
117947
117941
117946
117940
117909
228245
192099
192102
117932
192108
117935
117931
117934
117926
117936
192141
117938
117912
117925
117915
117913
117949
117950
192110
117920
117937
117916
117919
117939
117951
117923
117924
117922
209382
117918
117917
117921
117914
192143
192207
118112
192206
192210
192211
192130
192115
192122
210751
192131
192129
192133
192134
192117
117976
192126
192118
192132
192135
192127
117979
192128
192121
192123
117977
192116
192124
192125
192195
117978
192155
192160
192150
192154
192148
192147
192159
192191
192151
117988
192157
117989
192145
192162
192158
192146
192153
117997
192161
118010
192149
118008
117996
192144
118009
192156
192152
118093
192212
192213
192214
192199
192202
118022
118019
192194
192193
192197
118062
192192
192163
118059
192168
192198
118048
118012
118018
192166
192200
118025
192174
192176
192196
192171
118032
192177
192165
192173
192170
118014
192169
192175
192203
192172
118060
192167
192201
118061
192215
192180
192182
192190
118065
118039
192187
192205
192188
192183
118064
192204
118114
192178
118063
192179
192181
192216
192222
118116
192234
118099
118098
192239
192225
192218
118085
118086
192235
192220
192244
192246
192221
192224
118118
192247
118080
192217
192226
118117
118115
118119
192238
192245
118120
145540
192242
192228
192230
192241
192227
118121
192248
192229
118091
192250
192240
192233
192243
192249
192297
192759
192747
192745
118143
118126
118155
192756
118135
118136
118142
118156
192758
192760
192253
118154
192774
192778
197033
192742
192768
118130
118127
192252
192775
118153
118157
192251
192762
192752
192764
192298
118158
118161
118159
192766
192777
118160
192750
192268
118163
118162
192754
192748
192276
192273
192294
192274
192275
118168
139463
192269
192296
192271
192292
192287
144649
118193
192285
192293
192289
192270
192277
118196
192278
192279
192272
192281
192291
192282
118187
192286
192283
192284
192295
192280
118231
192299
192301
192300
192323
192329
192319
118228
118217
118230
190329
190330
192314
192321
192317
118238
118234
192326
192305
118236
192308
192315
118232
192320
192322
118207
118233
192306
118204
192307
192325
192330
118240
192304
192303
192302
118237
192327
192328
192318
118220
192324
192316
190331
190332
190334
190333
79050
190302
79086
190316
190317
79085
190303
190301
190335
190315
79087
190304
79089
79063
79095
79056
190313
190326
190305
79076
190312
79077
190327
79053
190314
79090
190310
190309
190320
79096
190322
190308
79062
190325
190311
79094
79093
190321
190319
190318
79068
79080
79092
79069
190307
190323
79088
190354
190324
190306
190336
230223
186928
79140
190356
190337
190339
190355
79105
79138
190351
79141
190340
79106
79142
190338
230221
190345
79144
190360
190353
79145
79147
190344
190346
190343
190369
190352
190350
190348
190341
190365
190358
190349
190359
79150
190367
79143
79148
190362
79149
190347
190357
79146
190342
190368
190364
190363
230219
190373
79175
190384
190371
190374
79167
190372
190370
79152
230217
79181
79171
190377
190375
228109
190380
79174
79159
79179
190389
190381
190382
190376
79178
190379
190390
79177
190386
190378
190385
79182
79176
190387
190392
230207
230209
190414
190403
190408
230211
190404
190395
190413
190394
190393
230213
190410
79188
190409
230215
190405
190407
230205
230203
230201
191172
190397
190401
190400
230199
190396
230195
190411
79193
230197
190412
190406
190402
190398
190399
230193
230179
230183
230187
229103
145330
230185
230189
230181
230191
230177
230163
230173
230175
230147
230153
230161
230165
230155
230171
230149
230151
230167
230169
230159
230145
230157
230111
230109
230129
230135
230131
230105
230123
230139
230121
230117
230107
230133
230127
230113
230143
230119
230103
230115
230125
230137
230097
230101
230099
230089
230079
230067
230093
230085
230095
230083
230077
230091
230081
230073
230065
230087
230075
230071
230069
229997
230007
229079
229073
230059
230027
230061
229989
229995
230031
230013
230045
229099
230029
230053
230011
229999
230021
230039
230049
230001
230017
230035
229979
229987
230015
230051
229991
230033
230023
230047
229993
230019
230003
230009
230043
230063
229983
229985
230057
229975
230005
230041
229981
229977
230025
230037
230055
230141
229973
229949
229951
229957
229953
190526
229965
229955
229069
229971
229947
229961
229071
229967
229969
229959
229963
229871
229929
229911
229879
229891
229925
229931
229897
229943
229893
229937
229915
229873
229923
229887
229921
229919
229927
229869
229907
229917
229875
229935
229909
229877
229885
229895
229939
229087
229889
229945
229901
229933
229905
229899
229881
229913
229903
218013
229883
229941
229867
229865
229825
229827
229861
229819
229823
229859
229849
229839
229845
229847
229821
229863
229837
229853
229841
229831
229843
229855
229851
229835
229833
229857
217955
229829
229815
229817
229805
229811
229801
229809
229807
229813
229803
229799
229795
229797
229067
229793
229773
229789
229783
229781
229791
229779
229771
229785
229787
229775
229777
145340
229749
229769
229733
229763
229747
229741
229739
229757
229761
229097
229751
229759
229753
229767
229735
229743
229755
229731
229745
229737
229765
229727
229707
229711
229713
229721
229723
229709
229719
229089
229715
229725
229717
229729
229077
229699
229697
229695
229703
190605
229705
229701
229693
229675
229647
229655
229665
229639
229635
229681
229657
229663
229691
229683
190645
229641
229659
229661
229669
229645
229653
229633
229649
229651
229667
229677
229673
229685
229689
229687
229095
229637
229671
229679
229643
229631
229629
229627
190669
229611
229615
229599
229617
229595
229623
190682
229607
229593
229605
229619
229603
229621
229591
229597
229625
229613
229609
229601
229543
229571
229587
229581
229577
229093
229553
229545
229561
229529
229535
229547
229065
229563
229567
229557
229541
229537
229551
229555
229533
229575
229539
229549
229585
229583
229589
229565
229569
229559
229573
229579
229531
229527
229511
229521
229469
229491
229499
229475
229523
229519
229081
229091
229501
229479
229489
229509
229505
229493
229483
229503
229497
229495
229477
229473
229507
229481
229485
229513
229487
229471
229515
229517
229525
229455
229461
229457
229467
229463
229465
229453
229459
229451
229449
229443
229439
229083
229445
229447
229429
229441
229431
229433
229437
229435
229427
229423
229425
229415
229421
229413
229411
229417
229409
229419
229407
229349
229363
229401
229359
229395
229379
229381
229405
229383
229387
229361
229347
229353
229351
229391
229385
229377
229397
229345
229371
229375
229367
229399
229373
229393
229357
229369
229343
229403
229355
229389
229365
229331
229335
229341
229329
229337
229339
229325
229333
229327
145538
190776
229323
229321
229319
229101
229317
229315
229281
229313
190786
229291
229289
229305
229285
229299
229277
229293
229297
229311
229283
229287
229279
229303
190787
229307
229301
229085
229309
229295
229275
229269
229267
229271
229263
229265
229255
229257
229261
229273
229259
229253
163123
229249
229233
229251
229235
229245
229247
229241
229243
229239
229237
229215
229223
229225
229231
229217
229227
229207
190817
229213
229211
229229
229219
229221
229209
229187
229199
229189
229193
229185
229205
229197
229191
229203
229195
190824
229201
229183
229181
229179
229149
229173
229161
229171
229145
229151
229159
229147
229153
229157
229075
229167
229175
229165
229177
229155
229169
229163
192468
192471
79842
220921
192472
229139
229137
79841
229143
220931
229141
220923
229135
79844
229119
192474
190853
229105
229107
192473
229115
229129
229127
229117
229121
229109
229111
190855
229131
79845
79890
229123
229125
229133
229113
192465
190934
190890
79868
190877
192461
220919
190879
190891
79852
79869
220917
220925
220933
220939
190878
79894
79892
192463
190898
192438
190892
190880
192439
79898
192442
190882
220909
190884
190881
220935
79895
220911
192447
192444
190887
192445
220915
220929
192434
190897
79899
190896
192437
190875
220927
192435
190888
190885
220913
190886
190889
190883
79887
190899
190924
190925
190923
190915
190901
190900
79922
190922
190903
220905
79940
190918
190927
190916
190926
190902
220907
220901
190910
220903
190920
79943
190904
190932
190928
190912
79944
190909
190929
190930
190907
190908
190933
190921
190914
190906
190931
190905
190911
79915
79942
190988
190981
190962
190964
190937
190938
190963
190941
190936
220899
190983
190976
190935
190977
220897
192500
190970
190965
190967
190966
220937
190989
190984
79979
220895
220893
190973
190978
190987
190986
145326
190980
190985
79983
190979
79970
79981
79984
190972
190974
190971
79962
190975
220891
190991
192498
191025
192483
227917
192485
192496
190993
190992
79990
80029
192478
192481
220941
80030
190994
191002
190999
80032
192492
192512
80036
80004
191027
190996
192494
80035
80037
191022
220889
190995
191023
192476
191000
190998
192506
192487
192514
191028
191026
80033
192509
80034
191001
190997
192489
80038
220887
192504
192502
192501
215943
215969
191010
191034
191015
191013
191020
191031
191014
191009
191012
216007
216035
80151
80055
191011
80044
191036
215937
215941
191021
216047
215989
215959
215939
191032
215935
191018
191016
191019
191033
191037
191017
191035
80051
215859
80052
215933
191059
145665
80112
215929
191055
215957
191052
191054
80115
191066
80114
215931
191053
191060
80116
215947
80117
216019
80113
216011
80110
80111
191041
80081
215963
216033
80109
216031
191067
80118
145339
191056
191064
80120
191061
191068
191058
215927
216027
191065
191057
80119
191062
215925
191063
80152
80098
145536
191050
191069
191086
191071
218901
191074
191070
191080
191088
191079
191078
191073
191072
191100
191076
80155
191094
80156
191075
191081
191087
80123
191097
191091
191095
191098
191082
80154
80175
191096
80138
80157
191084
191090
191099
191083
191089
191085
80186
191119
80188
191101
191118
80159
80166
191106
80163
191105
80169
145327
191104
191103
191117
191123
80187
80160
191124
191120
191116
191102
191113
191107
191111
191121
191122
80190
191110
191112
191108
191109
80189
80191
80192
80258
191148
191142
191131
191141
191140
80195
191129
80217
191145
191127
80218
80216
191128
80215
191126
191143
191134
191132
191144
191146
80202
191136
191135
191139
80219
191133
191147
191166
191178
191154
191158
191150
191164
191177
191155
80260
191165
191153
191149
80261
191173
191162
191152
80227
80246
80259
80222
191156
191163
191182
191151
191176
191157
191161
192516
191169
191184
191174
191179
191175
191183
191171
191170
191180
191167
80262
191181
191168
80238
191197
191188
191211
191193
80277
80300
191207
191185
191194
191208
191198
191203
80281
80303
191196
191189
80267
80301
80298
80266
191190
80299
80272
191191
80302
191206
191192
139903
191210
191204
191199
191186
191209
191195
191212
145025
191205
191201
191213
191200
80304
80305
191202
191214
191215
191227
191223
80341
191218
191241
191216
80314
191225
191220
191219
80316
80334
80329
191233
80344
191234
191239
80320
191217
191228
80315
80346
80340
191238
191224
191236
80330
191235
80342
191226
80345
191240
191222
191125
80326
191230
191237
191229
191231
191232
191421
191289
80375
80353
191268
191265
80349
80358
191269
191284
80348
191280
191266
80352
80376
80380
191278
80379
191279
191267
191270
80378
191264
80377
191286
191274
191288
191272
191271
191275
191273
219989
191290
191277
191283
191281
191287
191422
80470
191291
191301
80431
80428
191306
191310
191307
191332
191293
191320
80430
191299
191319
191321
191325
191322
191324
191311
191333
191298
191303
191294
191297
191302
191295
80388
191331
191304
80429
191305
80398
191309
191296
191326
191318
191300
191329
191313
80434
191316
191315
80433
191314
191317
191312
191323
80423
191330
80409
80432
191347
80476
80438
80458
191363
191344
191334
191336
80473
191348
191342
191343
191339
191359
191346
191345
191335
191337
191360
80471
191358
191340
80475
80472
191341
80474
191338
191361
80477
191355
191352
191364
191356
80453
191362
80478
191357
80454
191350
191354
191351
191353
191365
80479
191389
191374
191370
80483
80493
191369
191390
191372
80487
191393
191375
191386
191368
191391
191366
80525
80524
191396
191367
191387
80486
191373
80527
80523
191394
80522
191385
191395
191371
191392
80526
191383
191388
191401
191379
191400
191378
191376
80531
80532
191377
80529
191398
191384
191382
191380
80504
80501
80528
80530
191381
191397
191399
191482
192525
80549
192528
80545
191405
192524
192568
80542
191407
80569
80570
80571
192561
80539
192534
165874
191408
192527
192532
191402
192526
192565
191404
191406
191409
80536
192570
191403
80564
80575
192551
192558
80558
80574
192549
192560
192559
192517
192556
80573
80572
80553
80559
80614
191483
191434
191428
80619
191424
191435
80618
164291
191429
191449
80589
191432
80606
80605
80592
80610
80616
191446
191433
191431
191423
191447
80617
191426
191430
191448
191427
220237
80622
191441
191437
191436
80621
191443
80620
191438
191439
191451
191442
191440
143196
191450
80600
191548
191444
191445
80631
191455
191453
80658
191459
191456
80634
191474
80657
80659
191462
143764
191478
191477
191475
191463
191454
191469
191470
191476
191452
191460
191458
191457
191484
191468
191472
191481
191465
80662
191473
191471
191466
191480
191479
191467
80642
80660
80661
80654
191464
191608
80663
191517
191486
191516
191488
191492
191489
191490
191491
80709
145535
191485
80708
191509
191487
80707
80706
80710
191500
191507
191496
145533
80713
191497
191503
191494
191518
191510
80716
191514
191495
191499
191513
191493
191515
191512
191504
191502
145666
80695
191498
80691
80711
80712
191506
191511
80715
191521
191501
80717
191520
191519
191505
80718
191508
191549
191522
191528
191526
80738
191524
191529
191527
191523
191525
80719
191531
191532
191541
191538
80754
80753
191546
80749
80752
191547
191542
80743
191533
80755
191530
80756
191539
191535
191545
80750
80742
191540
191544
191543
191536
148867
191537
191534
191609
80760
191553
191552
191572
191550
80761
80794
80793
191551
191558
80795
191559
191554
191566
191561
80783
191575
191570
191564
191568
80770
80798
80766
191560
191565
191567
191569
191557
191574
80797
191573
191555
80796
191576
80784
80774
191571
191562
191563
191556
191610
80838
141687
191582
80835
191593
191585
200575
191583
191580
191587
80803
191605
191594
191606
191584
191682
80817
191577
191579
80833
191581
191578
80836
80837
191600
191586
80857
191690
191643
80865
80812
80841
191592
191598
191596
191603
80839
191588
191602
191601
191590
191599
191589
191595
191591
191597
80840
191611
191691
191692
80847
191612
80850
191615
80867
191614
191621
191613
191616
80866
191620
191625
80855
191624
191617
80869
191623
191626
191622
191619
191618
80868
191639
80870
80884
191642
80890
191627
80871
80892
80889
191640
80891
191630
80894
191644
191634
191633
191628
80893
191641
191631
191629
191632
191638
80895
191635
191636
81220
80921
191651
80911
80923
191646
192617
191650
191645
80922
191652
191657
80904
191647
191648
191649
192619
80928
191658
192615
191654
227915
192621
191656
80924
80929
191655
80927
191660
191659
80925
191653
192613
80965
192602
191689
191683
192600
80968
191677
191684
192607
192604
80967
192605
80931
191676
80952
192610
192632
192593
192580
191678
191675
192579
192592
191680
191673
192594
80937
191688
80970
191674
192587
191679
80971
191681
191687
80969
192582
80941
80950
191686
192585
81007
192670
192663
192631
192665
191706
80979
191708
191707
192662
81009
192630
192667
81008
191705
192666
81010
192661
81014
81013
80983
80989
192650
192655
192659
81011
192656
81012
192653
191712
191711
192625
192640
192638
191713
203745
81015
228117
81016
81023
191716
191714
81059
191737
81021
191739
81056
191718
191717
191731
81057
191719
81058
191738
191730
191736
191721
81038
191720
191744
191722
191740
81028
81027
191742
191745
191746
191743
191741
191724
191734
191725
191727
81060
191733
191735
191747
191732
191728
81061
191729
191726
191723
191748
81097
81076
191761
191787
191754
191752
191790
191789
81095
191751
191785
191764
191750
81096
191755
191753
191760
191762
191786
81093
191759
191795
191756
81098
81099
191749
191794
191793
191758
191788
191763
191792
191757
81103
81105
81075
145342
81104
81101
191791
81100
81074
191796
81073
191821
81139
191822
191803
191806
191801
81121
81134
191807
191812
191813
81124
191797
191811
191799
191798
191810
191815
191814
81135
191804
191805
191802
191818
191800
191808
191809
191819
81136
191820
81120
81117
191817
191816
81137
191824
81182
191825
191827
191842
191846
191845
81180
191843
81162
191826
191841
191828
191850
81160
81178
191823
81179
191829
191844
191834
191854
81185
191852
191831
191851
191847
191855
191848
191833
191853
81164
227913
81186
81183
191830
81184
191832
191849
81188
191857
81221
191856
191835
191836
191837
81187
191839
191838
191840
81205
81193
81210
81190
81191
81212
81192
81209
81213
81208
81219
81194
81206
81203
81204
81195
81200
81218
81214
81202
81196
81217
81215
81199
81211
81197
81207
81201
81198
81216
81237
81238
81222
81239
81225
81240
81224
81241
81251
81223
81250
81252
81245
81249
81247
81227
81256
81232
81255
81236
81248
81233
81242
81228
81244
81234
81230
81243
81235
81231
81229
81246
81226
81253
81254
81259
191858
81273
81258
81285
81262
81274
81261
81276
81260
81279
132208
134379
81284
81275
81267
81268
81282
81294
81271
81289
81269
81278
81291
81270
81288
81265
81293
81292
81283
81290
81277
81264
81281
81266
81280
81272
191859
81298
81299
81324
81296
81301
81300
81297
191860
81322
142144
81321
81326
81308
81309
81315
81310
81318
81302
81327
81313
81314
81307
81305
81304
81303
81316
81329
81311
81320
81306
81328
81312
81490
81317
81319
81454
81455
81332
81334
81335
81333
191861
81354
81358
81353
81331
81330
81340
81362
81355
81346
81351
81349
81350
81347
81352
81363
81364
81345
81342
81339
81348
81336
81356
81337
81338
81361
81343
81365
81359
81360
143512
81500
81367
81366
81387
81394
81400
81393
81370
81399
81371
81369
81368
81398
81404
81381
81388
81392
81382
81384
81376
81373
81403
145341
81395
81374
81379
81389
81390
81385
81386
81372
81391
81383
81396
81380
81375
81402
81377
81397
191862
81378
81405
81406
81408
81407
145334
81444
141664
81446
81433
81428
81445
81491
81447
81416
81429
81430
81439
81417
81418
81431
81422
81410
81424
81425
81438
81432
81414
81435
81415
81436
81419
81426
81452
81440
191864
81453
81448
81411
81413
81437
81409
81441
81434
81423
191863
81451
81450
81449
81421
130680
81427
81456
81651
81488
81459
81483
81457
191865
81482
145663
81460
81458
81492
81475
81474
81466
81477
81496
81462
81465
81489
81471
81473
81470
81499
81472
81486
81464
81498
81461
81484
81469
81487
219973
81463
81479
81478
228137
81485
81467
81476
81480
81497
81481
81495
81555
81594
81556
81544
81652
81512
81514
81546
81549
81541
81516
81509
81504
81548
134439
81502
81507
81532
191866
81501
81543
81540
81513
81503
81517
81511
81508
191867
81545
81515
81506
81510
81505
81542
81525
81529
81523
81551
81520
81524
81522
81534
81533
145532
81519
81526
81521
81552
81535
81538
81528
81554
81531
81527
81530
81595
145329
81539
81553
81536
81537
81558
191868
81559
81578
81588
81596
81557
81576
81560
179312
81577
81561
81564
179311
81580
81565
81582
81566
81581
81590
81563
81579
81567
81570
81568
81583
81569
81589
81672
81562
81584
81586
81591
81592
81575
166764
81572
81571
179291
81599
81574
81573
81587
81605
81601
81602
81636
81637
81638
81603
81604
81628
81632
81623
81642
81629
81625
179313
81630
179314
81613
81641
81627
81626
81609
81608
81606
81634
81635
81640
81616
179292
219627
81645
81618
81619
81622
81610
81631
81648
81633
81614
81647
191869
81611
81615
81644
81612
81624
81617
81621
81737
81620
125418
81653
81956
81689
81688
81673
81685
81677
81665
81666
191871
81658
81680
81662
81679
81659
81687
81664
81661
81682
81681
81683
81684
191870
81656
81686
81657
81675
81694
81676
81654
81669
81691
81690
81655
81667
81663
81660
81696
81678
81670
81668
81674
81692
81671
81715
81720
81700
191872
126706
81699
81697
81714
126535
81722
81719
81703
126448
81735
81724
81730
81716
81708
81701
81717
81731
81706
81727
81707
81723
203746
81711
191873
81721
81734
81712
81713
81704
81702
81705
126647
81709
81725
126507
191874
81768
81753
81740
81763
81776
81741
81755
81764
81774
81738
81739
81754
81773
81775
81777
81747
81762
81779
81746
68311
81757
81780
81758
81750
81785
81765
81759
81752
81749
81751
81766
81742
81745
81771
81756
81748
81769
81744
81778
81782
81781
81784
81767
81761
209911
81783
81760
81770
81786
81824
81826
126264
81859
81827
81793
81806
81801
81821
81807
81788
81817
81812
81805
81815
81813
81803
81811
81802
81816
81796
81808
81790
81814
81787
81820
81818
81823
68267
81799
81809
81822
81791
81819
126263
81792
81810
81798
81795
81794
81800
126343
126262
81836
81831
81860
81833
191876
126121
81852
81829
126265
81850
81835
81828
81851
81830
81834
81855
81848
81847
219661
81865
81856
81845
81842
81838
81853
81864
81846
81841
81839
81863
81840
126266
81959
81867
81843
81854
81857
81858
81866
228135
81897
137761
81892
81891
81883
81876
81886
81868
81960
81869
81887
81877
161740
81894
81884
81885
81890
160791
81872
81870
81871
81874
81888
81881
81880
81878
81882
81889
81896
126268
81879
81898
81912
81918
81951
81916
81923
81914
81903
81913
81908
81920
81966
81967
81939
219659
81944
81952
81950
81917
81961
81941
81907
81953
81904
191877
81915
81938
126304
81969
81964
81900
81965
81972
126270
81942
81937
81921
81922
81911
81919
81970
81910
81963
81940
81901
126272
81968
81943
81902
81971
81924
81925
81975
81926
81947
81955
81973
81931
81933
81958
81927
152991
126306
68268
81957
81954
81948
81935
81934
81945
81928
81976
81929
81949
81932
81946
126345
81978
126346
126277
82016
82000
81977
81979
82006
82020
81992
81986
172511
81980
81981
81996
81982
126307
81989
126273
81998
81984
82012
81997
82009
82018
82007
82022
82017
81987
191878
81990
82004
81991
81988
82011
81983
82010
82003
82002
82008
126354
81994
82013
81995
82001
126275
82068
194791
82028
82026
82073
191881
194788
194790
82027
82069
194789
126280
82074
82075
126278
194787
82034
194784
194782
82058
82078
194410
194398
82043
82057
194778
194780
82038
82059
194786
82063
194416
82037
194372
194371
194781
194785
82062
194776
82032
82055
82049
194777
194423
191879
82053
82031
194408
82064
194779
82041
68269
82065
194424
82046
194774
194783
194775
82080
82079
194773
194772
194758
82101
194761
194770
194760
82117
194411
194766
82106
194765
82119
82104
82116
82118
82082
194762
194769
82113
194759
194763
82120
194756
194757
194764
194375
82157
82114
194767
194768
194771
126282
194753
194370
194751
82108
194749
82124
82125
194399
82110
194754
194755
194750
194422
82121
194752
126312
194744
194741
82169
82135
194387
194742
194419
82175
194746
126283
194745
82178
194748
82176
194743
82174
82136
82177
194747
194729
194740
82168
82181
194378
82152
194739
194735
194731
194733
82165
194737
194734
82187
82173
194730
82190
82171
194732
82167
194727
82185
82188
194736
82189
82145
82153
126287
82149
82183
82180
194738
126315
82179
82158
82172
194728
194369
82170
82186
194368
82276
194724
194725
194723
194720
194726
194722
82192
82226
194721
194719
82228
82229
194395
82208
82211
194716
194709
126350
82227
126361
82215
82200
194714
194713
194708
194705
126289
82210
194710
194367
82216
194704
194715
194707
82213
194706
194712
194717
194711
194376
194718
126316
194703
146476
194697
194421
194696
82279
194700
82278
82277
82263
82262
194701
194695
194699
194698
194702
68271
194684
194687
194690
194686
82250
126352
194689
68272
82275
194681
194683
194685
194694
194693
194688
194377
68270
194412
82260
194682
82265
194420
194692
191884
82267
194678
194366
194680
194679
82257
191885
194380
190058
82315
82320
82312
194406
191887
194671
126358
194668
194664
194667
82314
82310
194676
126297
194365
82318
68273
194670
82289
194675
194394
194677
82313
194666
228133
126340
194665
82300
194672
82296
82306
82294
194364
82290
194669
82295
82286
194673
194674
82328
82344
194383
82336
194652
82349
82342
194653
194660
82335
194657
82327
194654
82347
82340
194662
194363
194658
82343
194656
194661
194663
194659
82329
82348
194655
82345
82334
126252
82450
82379
194644
194642
82389
82382
194636
194646
82387
194647
194649
194407
194635
82358
194393
194639
82386
82383
194637
82388
82384
194641
194650
194640
194638
82357
194651
194643
194648
82385
194645
194362
194630
82390
82377
194634
194631
82366
194632
194633
194629
142024
194361
126205
126167
194628
82393
82417
194388
82415
82398
194626
82418
194360
194627
82396
82412
82416
194618
82401
82419
194619
194621
194620
68274
82406
82410
165100
82421
194623
194414
194625
194622
194402
194624
194617
194382
194612
194613
194616
194615
82447
194614
82443
82424
194607
82449
82439
82428
194359
194606
194609
194608
82433
82448
194418
194400
82429
194610
194611
82446
82438
82434
194604
82484
82452
194603
82483
82485
194605
194602
82454
64786
191889
194386
82488
194600
126725
194598
194596
82487
194595
194601
194599
82473
82478
82489
82461
194597
126649
146531
82491
82492
194593
82470
82490
194591
194358
82466
194413
82464
82479
194594
194590
194592
82493
82521
82530
194580
68275
194583
194578
194584
82524
126526
82505
194588
194577
82528
82494
82508
82527
194582
194587
194356
194357
82513
194589
194586
194585
82525
82529
82523
82526
194581
194579
194403
82507
194572
82522
194576
194573
194575
194574
82582
194562
194569
82583
194565
68276
82569
82584
126457
126454
82565
194567
82581
194571
194570
82543
194568
126561
194564
82585
194563
82586
82477
82534
194566
82629
82589
194354
82551
82593
194409
82547
82577
194355
194560
194561
82594
126511
194559
82590
82587
82592
194558
194557
191890
82580
194554
82595
82557
194556
194552
194548
194549
82597
82650
82572
228131
82579
194381
194555
194547
194553
82596
194551
82575
194550
194353
194379
194546
82651
194352
194351
194350
82612
194349
194545
82617
82621
194536
82613
68277
194538
82616
82625
194544
82623
126143
82626
194535
194542
209885
82610
194537
194540
194539
194417
82628
194397
82624
82627
194405
194543
194541
126479
82646
194532
82644
194530
194374
194534
194533
82652
194531
82658
194523
126482
82659
194526
194529
82654
194404
194524
82657
82635
194528
194525
194527
68279
126529
194522
82653
68278
126484
194348
194521
194517
209755
82684
194373
82685
82680
82686
82682
194347
194518
194520
194519
126486
82687
82683
209741
194516
82718
82691
82681
194510
126559
194509
209821
82693
82688
82689
82677
82678
82675
194515
209861
194345
194511
194513
194346
82690
209819
82692
194514
191882
194512
209839
194506
194505
82697
82719
126495
82709
194508
194504
194507
194500
194501
82721
194343
82715
194499
82713
82724
209739
209813
126518
194498
82722
194344
209737
82723
194497
194496
209869
194502
82704
194503
194495
194493
126519
82740
82741
82739
82735
82729
194492
126537
194494
194488
194491
194490
67112
194487
194489
194486
194342
67116
194482
82771
209735
67114
126497
82768
194484
194481
82769
82745
82759
82762
194485
82760
194480
194483
82770
82767
67118
209759
228329
82758
82797
209749
194477
126206
194474
82766
194478
194473
82764
67117
194479
194475
194476
82754
194472
82773
67119
194466
67173
82793
194467
126498
82777
194470
209889
194415
194469
194465
194464
209825
194401
194468
194471
82794
194341
82789
126500
194461
194462
194463
82781
82788
82784
82805
194454
194459
194456
82812
209837
194340
191892
194384
194458
194457
197613
82810
194385
194460
194455
82816
209847
82845
82887
209733
194452
82831
67125
194450
67131
82837
194389
194451
194339
82824
82832
194442
209731
67129
82838
82840
82844
194448
82819
82841
82835
209747
68312
134019
194445
194447
68280
67130
67135
194449
194338
194446
82839
194444
228129
67133
194443
82842
209883
82843
209803
82894
194390
82864
126502
194396
209807
82865
83044
67136
82866
82850
82863
194441
82867
67147
194440
67148
194437
194438
67143
194392
209811
82869
194434
82856
194439
194391
191883
67145
194436
209729
209727
126067
194435
67138
82862
209765
82895
194433
228327
209805
82884
194432
67151
82872
82890
82885
82888
82889
194431
82871
82882
82886
82891
239031
194425
194430
82876
67152
82892
82877
194429
82883
194427
194428
194426
126505
82922
209208
82899
82919
82925
82926
82898
82896
82923
82901
209725
82915
82914
126122
82897
82903
82906
82907
82917
209789
67157
145683
126504
82902
82931
68314
82912
82918
209771
191893
82908
209795
68313
82905
82927
82909
126299
82911
82929
82904
82910
82951
82957
82932
82950
82936
82933
82958
82937
82934
67159
67161
82935
67160
82949
139603
82956
82944
82943
82954
82959
67163
82955
67162
82938
82941
82961
82945
82960
82947
82948
126342
82952
82942
82940
82953
82939
209777
82986
82963
82962
82967
82989
82965
82985
217399
82964
82979
82966
67167
67165
82984
82981
166768
82972
82992
82990
83016
82983
83033
82980
82988
67164
67171
82982
82973
82991
67168
82969
67169
67170
82987
67172
82970
68315
67166
82971
82974
82975
127120
127216
145531
68300
83024
83014
83019
83012
82996
83010
83002
82997
83004
83011
83021
127239
83005
186626
83008
209867
82994
191901
83000
83030
127122
82999
209877
191903
83003
209845
83026
83018
127282
83025
83027
83017
83029
83006
83009
82998
83032
191902
83028
82995
83007
209799
83001
83034
83071
83092
83037
83036
83047
209757
190059
83038
83045
83048
83035
139245
83049
83039
83050
127124
67180
83040
83051
83124
83042
127242
83072
83066
83065
83064
83060
83055
83054
83073
83061
127009
83052
83053
83068
83069
83057
146512
83059
83058
83070
83056
83063
83062
67199
83094
83093
83074
67181
127102
83075
83089
83078
83086
83077
83080
67183
83088
209745
209723
191894
83081
127010
209827
83085
83097
83090
83091
83098
83118
83084
83125
67198
209809
83095
83087
67188
83096
83147
209881
83079
209721
83126
209859
67192
83114
83111
83117
83102
209833
83100
83113
83109
83103
209851
67194
83121
83105
127049
83106
83127
83116
68281
83104
83112
83120
83107
83123
83115
83108
209817
83119
83099
190060
83110
67209
83148
127018
209719
190061
209893
67207
83149
67208
83151
83132
209831
83146
83139
83131
67203
67204
67211
209793
