85830
85834
85835
85836
85831
85832
85847
85833
85867
85839
215267
85837
85838
215209
85842
85840
215317
215293
240175
85848
85849
85850
85857
85866
85900
85898
85903
85899
85901
85865
85905
85843
85871
85904
85844
215219
240147
215315
219997
85851
215265
240145
85852
215369
85854
85853
85855
85856
86038
137763
85864
215281
85868
85913
86045
85872
85883
85863
85914
85885
85886
85888
85889
215313
86009
215233
215367
215291
215365
215227
86026
85933
163071
86048
86018
86008
86050
215311
85882
86049
86029
86051
86027
86028
86005
215203
86024
86006
86025
86012
86040
147313
86046
86047
86031
215363
86041
215309
86061
215361
215307
86032
85934
86022
86060
86037
163992
86052
86053
165808
86054
86063
86062
85936
223855
85935
85927
85937
215223
215333
215359
215305
85875
85917
85906
215303
215331
215329
215247
215357
215289
85920
215255
85930
85915
215241
215287
215263
215355
215301
215353
215351
215215
85932
85916
215279
85931
85928
85929
85897
215261
215349
215277
85944
215193
85997
215327
85991
145185
85992
85985
85990
85988
85949
85951
85954
85952
85968
85987
215275
85999
86001
85996
85946
85947
85948
85945
85953
215385
215325
85950
215221
215299
215253
215273
215297
215383
215347
240149
215323
215201
215295
86074
85969
215251
240151
215245
215259
215243
215343
215345
215341
85989
215321
215339
215249
215381
215225
215285
215379
215239
86039
86043
86065
215337
86066
215335
215237
215257
209113
86107
208963
208994
209013
86021
215211
215377
86000
215375
86033
208993
86129
208975
240177
86068
215373
86034
215371
208992
86069
86073
86067
86070
86044
209112
86071
86072
86115
209111
86081
86095
86078
86036
209110
86058
86059
86035
86077
86057
86076
86064
215235
86075
86079
86080
86136
86137
86138
209109
86094
209107
209108
208945
86188
86134
86135
86116
86113
86114
86186
86102
86093
86163
208974
209106
208973
209105
208952
208914
209104
86086
86101
86105
208928
208961
208962
209103
208968
86096
86117
209102
208967
86082
86118
208966
86187
208991
86109
86097
86139
86119
86098
239371
86110
86155
208990
209101
208922
208965
208926
209100
240179
86140
208944
208964
208960
240183
86141
209099
86156
86111
208919
208935
86160
240181
237149
208959
208989
86162
208987
208988
209012
208972
209011
86161
208985
208986
86185
86189
209010
208958
209009
208971
209007
209008
208984
208983
208982
209006
209005
86184
86201
208941
208981
208918
86202
208980
86203
208951
86213
208979
209004
208970
86196
208937
208920
208940
86204
208950
86239
239363
86205
86214
208934
208927
86217
208949
208957
208929
208978
86206
86207
208948
86208
209003
86209
86223
209002
86225
86238
86210
86226
208923
86228
86229
209001
208943
86240
208939
208933
86241
86234
86243
86242
208925
208969
86244
209000
86253
208921
208999
86254
86255
208977
208998
86256
86257
208956
208997
86258
208976
208917
208947
208924
208932
86252
86261
86260
125240
86277
86281
208954
208946
86276
240159
215283
240161
208953
86279
208938
215213
208996
86271
208995
209098
208936
240157
209097
215271
209096
240155
209095
208930
86307
86306
209094
86308
208942
208931
86309
215231
215269
209093
215229
209092
208915
215217
209091
208916
215319
86312
86313
209090
209089
86356
86359
86358
86357
86360
209088
209087
209086
86361
240153
209083
209085
209084
209082
86363
209081
209080
203904
209079
209078
209077
209076
209075
209073
209074
86326
209072
157511
157851
86329
209071
86330
86331
86332
86333
144306
86367
86366
86334
86368
209070
86336
86335
209069
86339
86342
86341
86337
86338
86343
86340
86344
86369
86370
86345
209068
86371
209067
86372
209066
209064
209063
209065
86377
209062
209060
209061
209059
209058
209057
209055
86391
86386
209054
86385
86389
86388
209056
209053
209052
209051
209049
209048
86398
86396
209050
209045
209046
209047
209044
209043
86405
209041
209040
209039
209042
209038
86490
86497
86498
86491
86492
86411
86499
86500
209036
86412
209037
209035
209034
86501
86502
209032
86417
209033
86504
209030
209029
209031
86493
209027
209028
209026
209021
209023
209022
86426
209024
209025
209019
209020
86506
86505
209018
209016
86436
209017
86438
86503
209015
86444
86441
86443
209014
86442
86446
86445
86494
86496
86495
86507
86449
86447
86448
86450
86451
86452
86453
86454
86455
86457
86458
86456
86459
86462
86460
86461
86466
86465
86467
86463
86464
161871
86469
86468
86470
86472
86661
86473
86475
86476
86474
86477
86478
86481
86480
86479
86484
86482
86483
86485
86486
86487
86489
86488
86508
86509
86510
86575
86511
86576
86577
86605
163991
86604
86512
86513
141689
86606
86578
86608
86732
86607
86609
86611
86610
86612
86516
86515
86613
86614
86615
86517
86579
86581
86582
86580
86518
86519
86616
86617
86520
86583
86584
86522
86618
86521
86619
228277
86523
86524
86585
86621
150151
86526
86528
86529
86530
86531
86532
86533
86534
86535
86539
86537
86666
86536
86538
86586
86541
228211
86587
86622
86542
86544
86543
86545
86623
86624
86588
86546
86549
86548
86547
86662
86550
86551
86626
86552
125175
148212
161462
86555
86554
86629
86589
233939
240163
86667
86557
86558
86556
86632
86592
86631
86664
86593
86591
86594
86561
86559
86560
86563
86562
86595
86564
86565
86665
86633
86634
86635
86663
86573
86566
86567
86568
86636
86574
86569
86637
86570
86596
86597
86598
86571
86600
86599
86572
86601
86602
86638
86725
86639
86640
86726
86727
86641
86642
86728
215387
86643
86644
86693
150766
86730
86645
86646
228209
86731
86694
86735
86733
86734
86695
86736
86737
86648
86740
86741
86738
86739
86696
86742
86743
86649
86744
86745
86746
86748
86747
86749
86750
125194
86752
166279
86651
86650
86754
86755
86756
86652
86757
86653
86697
86758
86654
86760
86759
86655
86761
86762
86763
165871
150244
86765
150221
86768
86767
86770
86769
150242
86773
86699
86777
86772
86776
86774
86698
157434
86782
86784
86781
86783
86780
86657
86778
86659
86785
86658
86656
86660
86786
86789
86700
86791
86702
86787
86788
143427
86701
86703
86705
86704
86792
86708
86706
86794
240169
86707
86709
86793
150246
86710
86712
86797
86711
86670
86672
86671
86796
86673
150224
86675
86677
86674
86676
86715
86679
150243
86680
86800
86799
86716
86682
86678
150245
86681
150223
86717
86684
86718
86685
86683
86801
86687
86722
86690
86723
86692
86802
86689
150222
86721
86691
86720
86803
165872
86688
86950
150629
150722
150240
150239
150238
150628
150241
150219
150634
150218
150236
150237
150220
150216
86948
150610
150626
150215
150664
150633
150627
150217
150233
150234
150631
150599
150632
86919
150635
150211
163092
150231
150213
150232
150754
150235
150751
150741
150752
150739
150753
150212
157404
86951
158217
150729
86825
150708
150740
86827
188620
150730
150719
158196
150784
86828
150630
150779
157389
150777
150728
211451
157493
150718
150735
150778
150706
86832
154223
86931
158215
150727
150764
150771
150775
150737
150774
150765
150733
150748
150773
150734
150750
150749
150772
86959
86852
150661
150726
150647
150731
150663
150646
150660
150645
150609
86857
150658
150659
150657
150643
150723
150644
150732
150625
157409
150624
150608
150623
150450
150607
150622
150605
150720
150603
150606
150618
150709
150604
150616
150724
150710
150620
150725
150621
150617
150619
150721
150602
150640
150615
150612
150656
150613
150601
157410
150589
86889
150614
150639
150642
150641
150611
150598
150655
150590
150651
150653
150636
150637
86904
150716
150654
150638
150456
208751
150460
150442
150446
150447
150443
158214
150457
150383
150492
166274
86977
86964
150448
150454
150459
86974
150717
86978
150444
150449
150445
150458
150453
150547
150555
150549
150559
150404
150561
150493
150406
150418
150419
150548
150405
150560
150421
150554
150551
150440
150451
150552
150437
150484
150544
150452
150542
150530
150556
150546
150541
150545
150439
150557
86999
150430
150315
150438
150540
150428
150482
150553
150441
150332
150429
150543
150436
150408
150314
150401
188621
150420
150470
150426
150483
150432
150425
150433
150413
150423
150434
150424
150410
150435
204184
150431
150422
150525
150536
150526
150407
150529
150524
150523
150538
158212
228207
150527
150411
150539
150535
150528
150531
150412
150533
150522
150532
150399
150520
150510
150521
150509
150331
87114
150519
150490
150514
150396
150511
150508
150507
150516
150517
150513
150397
150518
150515
163931
150398
150390
87081
165277
150385
150505
150388
150489
150382
150506
150488
150389
150504
150503
87085
150502
150500
150494
150386
150497
150387
150495
150486
150501
150485
150498
150487
150496
150395
150393
150591
150368
150312
208565
150379
150391
208543
87125
150381
231839
208575
150370
150478
150369
150480
150468
150578
87237
150469
150479
150481
150491
150466
150473
150464
150463
150569
165125
150477
150475
165959
150476
150472
228205
158211
150462
150416
150414
208574
150417
150403
87240
150461
150471
150366
150415
208712
150367
150402
208711
208710
150375
208573
208709
208612
208611
150579
208702
208707
208704
150364
208703
208708
208705
208706
208699
208548
208610
208701
208572
208609
208608
150361
208700
208698
208533
208697
208607
208696
150568
208606
87181
150371
157414
208602
208538
150577
208605
208564
208556
208603
150349
208604
150347
150574
208563
208600
208599
150351
208601
150352
208531
208542
208520
208525
208571
208522
208555
208562
208595
87207
208519
208547
208598
150335
208527
208530
208529
208570
208596
208597
208524
150320
150326
208535
151463
208593
208546
150564
208561
208594
208554
150567
150565
208591
208537
208526
150571
208695
208569
208592
208515
208541
208532
208589
208693
208590
208694
208553
208560
208518
208587
208521
208514
208692
151457
208588
208568
208552
208691
208540
150701
208534
150689
208583
208550
208551
208586
208558
150682
150679
208559
150683
150694
208549
208584
208690
208585
150676
208516
208528
188622
165807
208523
208581
208580
208689
208539
208582
208536
150671
150650
208567
151448
208688
208578
208545
208579
240167
208685
208513
150762
208517
208684
167034
208566
208686
208687
208577
208544
208557
208678
208683
208682
208681
208680
208576
208679
208675
151535
151534
208676
208673
158155
208677
208672
150743
208674
156163
151533
151532
208671
151531
151536
194072
151530
151523
158179
151529
151527
151525
151521
151503
151462
151502
151526
151522
151524
151501
151504
208670
151493
151312
208669
151313
151494
208664
151311
208665
151146
208668
208666
208667
151488
151141
208661
208658
208662
151147
151484
151492
208660
208659
208663
208657
151138
151439
151485
208656
240165
151436
208652
151481
151486
208655
151483
208653
151482
158177
157394
151491
208651
223881
208654
208650
87513
208645
208644
208647
208648
208646
151478
151410
208643
151140
208649
208642
151404
208638
208640
208636
151479
208639
208641
208637
151477
151476
151430
151412
151393
208628
208634
151473
208630
151475
151474
208632
151428
208631
87515
208635
208633
208629
151137
208627
208626
157403
151472
151060
208620
208623
208622
151135
208625
209114
208624
151469
151429
208619
151328
208618
208617
208616
151380
208615
151470
151136
208613
151133
208614
151378
151370
151326
151376
151373
151379
151471
151372
151374
151367
151375
151467
151134
157381
151371
151468
151368
151369
151131
151518
151130
151520
151325
151427
151519
151500
151516
151465
157393
151515
151466
151132
151514
205375
151517
157392
151126
151314
151498
158191
151497
151512
151513
151496
151511
151490
151487
151489
151295
151127
151128
164253
151120
151129
151124
151291
151121
151125
151187
151185
151122
151118
151117
151188
151123
151293
151292
151119
151103
151116
151289
151115
151106
151104
151102
151178
151105
151182
151290
151181
151184
151100
157413
151183
158176
151179
151096
151098
151113
151180
151099
151095
151097
157370
151285
151111
151114
151175
151177
151176
151094
151173
158174
151174
151286
151093
151092
151171
151287
151306
151048
151050
151090
151283
151091
151047
151089
151087
151049
240143
151309
151046
158175
151172
151310
151088
151086
151043
223907
216043
151083
151085
151084
158173
151214
151044
151307
151082
151081
151040
151041
151075
151308
151079
151280
151078
151303
151284
151080
151073
151076
151077
151074
151213
151212
151211
151282
157364
157365
151304
151072
151299
151208
151305
151204
151210
151209
151205
151206
151277
188625
151297
151202
151199
151207
151201
151203
151296
194070
151195
151197
151301
151200
151300
151278
151302
151298
151196
151055
151192
158153
151189
151194
151274
151190
151191
151193
151279
158154
211703
151362
151276
151271
151269
151348
87675
151273
151344
154222
151318
151345
151265
151266
151267
151319
151071
151039
151363
151341
151069
151360
151051
194074
151068
157384
151361
151070
151038
151067
164271
151037
151064
151342
151066
151324
223911
151065
151343
151322
151062
151359
151323
158172
151358
151063
151036
163851
151054
87748
151034
151355
151058
151061
151339
151033
151057
151357
151056
151340
193969
151320
151336
151029
151032
151030
151354
151053
151353
151321
151349
151028
151052
151350
209118
151025
151027
157388
151023
151024
151031
151026
87720
151018
188627
151015
151351
151019
151020
87757
151337
151352
151016
151316
151334
151012
151346
151011
151017
151335
151013
151014
151332
151331
151364
151347
157386
151365
151366
151109
151315
151108
151262
151110
151333
87892
151107
151263
151264
152544
152651
151260
151261
151254
152652
151258
87793
158171
151257
158152
157405
152643
151256
151251
152510
151252
152541
152509
151253
151246
152637
151250
152642
151245
151249
152628
152641
158253
152630
152639
151248
151244
151243
152629
151247
151239
158151
151242
152539
151240
151236
157400
151233
151237
152638
151238
151232
151234
151235
151230
151231
151229
151225
151226
152636
157399
151227
152540
151222
152626
151228
152627
164411
151223
151224
146108
151219
152634
152508
211701
152538
151221
152635
151162
151216
151217
151215
165265
151163
151164
152625
146106
151160
151161
152507
151157
152632
157402
87847
151154
188629
239851
151155
151156
151152
152633
151151
152546
151148
151145
151143
87856
152542
151153
152644
151144
151149
152543
152551
87889
151150
162652
152654
152534
152430
158132
152530
152448
239077
152535
152531
152429
152532
152504
158252
152445
152527
152506
152526
152677
157395
152446
152678
152523
152451
158117
146194
152447
240201
152524
152444
152452
152443
152499
152500
152675
152442
152659
152427
152505
152710
152669
152670
152708
152533
152453
152449
152707
152709
152668
158134
152705
152676
152700
152703
152426
152704
164292
152701
152697
152702
188631
157972
152698
152658
152699
146103
152696
152667
152440
157366
158133
157379
152695
152666
152693
158118
152457
152441
152691
152474
152664
152665
152689
152685
157368
152662
152687
152472
152458
152688
152690
152683
152425
152684
157367
152471
152456
152686
152663
152454
152681
152660
157363
152661
152679
152682
152680
152450
152861
152422
152439
152420
152436
152423
152437
152421
152419
152438
152417
152435
152433
152716
152416
152840
152418
158116
152738
152843
152413
152432
152415
157431
152431
152414
152739
152411
152842
152519
166275
152521
152496
152518
152497
152498
152522
152520
152515
152412
152841
152516
152511
152494
152513
152514
152495
152858
158114
152860
152491
152492
152469
152512
152493
152470
152736
152488
152490
152467
152839
152715
152856
152465
220835
152466
152487
152486
152737
152489
152468
152484
152485
152855
152483
152463
152854
152464
152481
152838
152479
152714
152480
152475
152478
152482
152852
152477
152460
158115
152476
152734
152726
152759
152725
152735
152713
152757
152712
152758
152837
152755
152830
163153
152754
152749
152851
152752
152753
152724
152731
152751
152750
152722
152748
146104
152829
152723
152720
152733
158131
152746
152743
152745
152747
152732
152844
152721
152711
152718
152461
152717
152744
152742
152719
152740
152741
152836
152828
158728
152824
152771
152823
152772
152826
161153
152730
152766
152825
152614
152817
152833
152818
152820
152612
152834
152819
152600
152615
152822
88158
152812
152831
152832
152462
152815
152814
152816
152790
152813
152811
152789
152808
152810
152599
152613
152729
152807
152598
152764
152809
152786
152788
152611
152596
165873
193971
152784
152762
152785
152803
152805
152787
152569
152595
152806
152800
152763
152592
152782
158113
152783
152728
152801
152798
158112
152799
152802
152570
157408
216649
152796
152780
152795
152727
152760
157407
152761
152781
152601
152792
157382
152594
152794
152779
152791
152777
152593
152793
152770
152778
152567
152618
152591
152602
152775
152768
152769
84393
152774
152617
152767
152568
152773
152616
152765
194080
88212
152587
152589
153353
152590
152566
152584
152588
152585
153346
152583
152586
153351
153374
153347
152582
152564
142150
152561
153343
152562
152565
152563
152581
152578
153375
152557
152575
152579
153344
152560
153363
240203
152580
153372
152577
153373
152576
152559
153371
153345
152671
152672
157391
163590
153329
193970
152649
153359
153330
152648
152655
192806
153362
158911
152650
152656
153361
152657
153328
152631
152624
152606
153340
152608
152609
153360
152621
152605
152604
153341
152622
152619
153342
152645
152603
152610
152646
152623
152607
153327
152572
152574
152620
152571
158111
152573
152549
152547
152550
152548
240205
152552
152554
157398
153370
153357
153349
153339
152501
153385
152528
152503
152525
152502
153338
152553
153393
157397
153392
153366
153384
153355
153381
159594
153354
153358
153369
153356
153368
153382
153365
153383
153391
153364
153367
153337
153379
153325
153380
153378
153377
88341
153376
240207
153333
153336
153332
153331
153323
153334
153335
153326
153324
153539
153524
153309
153322
153310
160011
153320
153537
153557
153312
153303
153212
153317
153311
240213
153308
153302
153307
153298
153318
153295
153316
153296
153547
153300
153521
153299
153558
153315
153304
153305
153269
153314
159331
153321
153297
153294
153301
153525
153313
153559
153291
192810
240217
240215
88582
153536
153265
157378
153286
153292
153293
153533
153267
153213
153288
153285
153289
153270
153287
153290
153535
146101
153266
153283
153281
153555
153264
153279
153280
153282
153276
153520
153277
153284
153263
153278
153261
153262
153275
153272
153250
153517
153257
153273
153271
153248
153260
153259
153274
153258
153556
153249
153256
153553
153247
153253
153254
153252
153231
153255
88471
153546
153554
153229
153245
153230
153251
153246
153224
153223
153240
153244
153222
153225
153227
153228
153239
153551
153241
153226
153519
153518
153543
153530
157496
153243
153552
153545
153590
153516
153513
153588
153220
153602
158119
153612
153216
153604
153611
153221
153237
153219
153600
153217
153603
153238
153218
153601
153589
153587
153544
153613
153236
153599
153542
153597
153585
153592
153598
153532
153583
153595
153594
153540
153586
153596
192821
153584
153531
153489
153529
153511
153512
153528
153490
153487
88601
153593
153582
153579
153576
153580
153565
153578
153568
153567
153575
153581
153570
153541
153577
153591
153564
153566
153569
153527
153510
153563
153488
153485
240211
153548
240209
153538
153507
153486
153574
153509
153560
153508
153573
153571
153506
153504
153549
153550
153562
153561
154027
153484
153505
153502
153501
153479
153499
158120
153498
154034
153503
153481
153497
154017
153480
153482
153483
153500
154021
154051
153232
154035
154042
153496
154014
154030
153478
153495
154040
154015
142151
153494
154033
153475
153476
154018
153491
160424
154028
154029
153470
153473
154016
153493
153469
153450
153492
153471
153474
228203
153468
154031
154012
157390
153466
88658
192822
153448
153443
154032
153446
154013
153444
154009
153464
153447
153445
153465
153442
153461
153463
153440
153457
153437
153435
153454
153439
158135
154007
153456
153441
154026
157411
153455
153436
153458
153452
153462
153438
153459
153453
154024
154008
153433
153434
154011
153451
154005
154039
153430
153429
154025
154023
153419
153431
154003
153233
153432
153427
153409
154038
153426
192823
154022
154006
153408
154004
197041
153405
154036
153423
153421
153425
154001
153410
153407
153424
153406
153418
153401
153403
153404
153420
153417
153402
153416
153399
154002
153389
153400
153415
153990
153413
153414
153412
153411
153390
153388
153397
154052
153387
154043
153398
158136
154020
153395
153396
154053
154041
153386
153394
156587
153988
156580
156590
156581
153989
153987
153986
156593
154000
153999
154088
154085
153998
156588
156592
156578
154066
154067
154087
154068
154086
153985
156579
154083
154084
154080
154082
154065
154081
154062
154063
154078
154064
158139
154061
154060
154079
156569
154059
154058
154057
154055
156991
156599
157415
154076
154077
154056
156601
154073
154048
154049
156600
154072
157432
156586
154075
154050
154074
154071
154054
154047
154046
154044
158137
156716
156577
156712
156690
156718
156598
156715
156713
142149
156714
156699
156576
156698
156697
208416
156695
156689
156688
156687
88839
156696
156568
156661
156584
156624
156566
156660
156663
156597
156686
156694
156657
156662
156622
156659
156684
156623
156656
156585
156658
156596
156522
156654
156543
156620
156521
156583
156540
156652
156655
156519
156653
156621
156639
156520
156649
156648
156650
156646
156516
156582
156595
156651
156518
156643
156645
156594
156647
156517
156644
156619
156589
156514
156513
156535
156534
156531
156347
156536
156487
156368
156532
156537
156490
156369
156510
156511
156377
156538
156488
156539
156557
156485
156484
156512
156515
157492
156533
156489
156571
156524
165121
156528
156529
156554
156558
156523
192824
156551
156548
156550
156526
156547
156527
156525
197045
156546
156549
156530
156544
156556
156375
156378
156348
156366
156545
156541
156483
156367
156502
156482
192826
156327
157461
156508
156542
156507
156344
156346
156509
156506
156503
156486
157472
156504
156342
156505
156481
156499
156341
156343
156496
157462
219143
156494
156495
156501
156497
156500
156478
156480
156479
156492
156477
156493
156491
156373
156469
157444
156363
156468
156372
156470
142154
156466
156464
156467
156475
156465
156462
156456
156454
156365
156472
156458
156476
156461
156457
156459
156463
156473
156364
156360
156455
156460
156450
156453
156433
156451
157450
156361
156471
156449
156419
156362
156391
156393
156416
156408
156415
156431
156418
156406
156359
156392
156410
156374
156417
156409
156413
156407
156403
156401
158121
156404
156405
192825
156340
156414
156356
89039
156399
156400
156357
156387
156390
156398
156370
156411
156448
156389
156452
156447
156358
156328
156443
156371
156354
156446
156388
156445
156350
156326
156349
156441
156442
156355
156429
157458
157459
156444
156440
164254
156422
156425
156427
156352
156424
156423
156351
156421
156439
156436
156437
156426
156430
156438
156434
156386
156397
157445
156385
165411
156381
156420
156394
156382
211019
156380
156395
156432
156339
156435
156384
156396
156338
156383
158138
156353
156796
156797
208390
208394
156693
156791
208393
208391
156724
207825
208392
156792
208387
208388
156768
156777
156329
156775
156772
156761
207807
156776
156765
208389
156770
156771
156769
156766
156762
156788
156722
156680
156814
164951
156813
156787
156679
156700
156785
156681
156786
156784
156678
156692
156812
156808
207806
156783
156811
192827
156805
156806
156810
157375
156691
156804
156809
239343
156782
156803
156798
156801
156337
156800
156799
156802
192829
156781
240219
156759
156756
156676
156721
156755
208386
156630
156760
156754
156717
156757
156677
156753
208385
156710
156751
156752
156745
157358
156708
157357
156707
156748
156749
156746
156709
156336
156750
156743
156706
156705
156747
156744
156741
156704
156734
156740
156738
240221
156674
156742
156703
156737
208384
156330
156739
156736
156735
208381
156733
89237
156702
156731
208383
156672
208382
156670
207795
156671
156730
156727
208378
208379
208380
208377
156629
154160
156668
156627
156669
156628
154144
156666
156625
156626
156667
156665
156633
154161
156640
156642
156641
156634
156638
156635
156637
154145
156636
156618
156664
156616
193972
156617
156632
156609
154165
156606
156631
156613
153744
223581
156605
154162
156607
156608
156610
156614
153730
154146
156604
156615
154141
156612
156602
156603
156611
156567
156575
156565
154147
156563
156559
153729
156564
156561
153742
215085
214927
153683
154148
156560
156574
153728
156562
154166
157352
154167
153681
84390
228201
153682
153691
153726
153669
153670
228199
215121
153677
215083
153679
153667
153676
215119
154168
153666
214963
215005
207669
207668
154159
207696
142152
215037
215117
215081
153791
207725
154149
214975
214959
214949
207686
215115
207723
215111
215113
207681
214953
214935
207724
214937
154154
215059
215079
214961
207675
154137
153784
207627
214987
214931
192832
162651
214929
207671
207712
215109
207695
207634
153783
153760
153747
153769
207638
214933
153745
153743
153752
154163
153751
153754
207722
207721
207720
207674
207673
207694
207656
153644
207677
207649
154173
217559
153656
153657
207719
207680
207631
207685
153643
153673
154171
207628
207711
153655
153663
153653
154103
154201
154177
207718
207710
154140
153654
229059
153652
154128
154127
154104
154125
154129
154105
215107
154107
154106
158072
154130
154131
154152
158851
154134
154151
154109
154110
158071
153672
215003
154153
215105
214955
154132
153741
153740
153650
153725
215077
153722
153739
153737
153734
153735
153736
153738
153671
215035
153727
153723
153724
153719
153660
214993
153720
153721
214995
153716
157446
157449
157457
153715
153661
153731
153718
153733
142155
153732
161733
214971
214979
153717
153710
153647
153712
153659
214977
153649
153708
153707
153713
146102
153714
153648
153704
166282
153711
153690
215075
153706
89501
153658
153705
157442
153689
158051
160913
214999
158052
153701
153688
153699
215033
214991
214951
153687
153702
153646
153698
215017
153685
153695
153686
153665
215057
214939
153675
153664
153694
215073
153697
153696
153622
158054
214989
153609
153610
215055
215053
153843
215031
240223
153995
214945
153607
214969
215101
153982
153981
153997
153867
214985
153983
153868
153618
153984
153620
153617
240225
215071
153606
153869
215067
215069
153614
153616
215103
153962
153967
153968
215065
153977
153980
153966
153979
153975
153969
153960
166276
153976
153992
215029
215049
153991
153978
215051
153994
153993
153964
214983
153963
153970
166277
153234
153973
214967
215001
153948
153957
153956
153950
153972
153949
153959
153958
153946
153954
153947
214965
153953
153938
153941
214947
153955
214973
153944
153845
153940
153939
153844
158058
153952
153945
153943
153934
215015
215047
153951
215099
153930
89639
153865
153935
153936
153931
153933
153862
215045
153830
153841
153842
153926
153932
153927
153808
153928
153922
153925
153807
153929
153924
153923
153921
153904
153920
153909
153905
153910
153918
214997
153806
215043
153906
153915
89666
157373
153805
153863
153914
153907
153903
153908
166283
153901
153902
153831
153864
153827
153912
153913
207747
153214
153826
153829
153889
153900
215097
153890
208376
208375
153828
153825
153911
208374
153823
208367
153881
153859
208366
208372
153876
208371
208369
153861
207793
153895
208368
207824
208365
153899
215125
153892
207794
220035
208370
153824
153882
208373
153840
208364
153849
153803
153872
153874
153802
153870
153858
153871
153860
153850
153873
153821
153846
153847
153801
153819
153818
153816
153820
155911
153817
155912
153800
207823
153794
208359
153798
155906
153797
153789
153811
153812
153795
153788
208361
155905
208360
155904
208362
153815
155870
208363
153793
153781
155903
153782
153785
215095
153770
153792
155869
155901
155868
153786
188812
153768
153778
207709
155898
155902
153777
153766
153776
153780
215027
153767
215063
155900
153772
215091
154203
153765
153775
155895
154178
155896
154204
155899
207717
153764
153773
155866
188813
153763
153774
154181
215093
154196
154180
207652
154174
155897
154182
154183
156137
154202
156093
207646
156092
156095
155892
156089
156088
156096
208358
208356
154184
155893
156099
208357
155867
207716
208354
208348
156028
208355
155894
155891
156066
208353
155865
207693
156065
156085
215025
156064
208350
215013
156081
156090
207785
208346
156063
208347
155889
208352
156026
208349
215023
208351
207715
207660
207708
207692
207679
207633
156031
155925
155887
155926
156019
207691
155888
155863
207784
207635
155864
156022
155890
207672
207640
207670
156015
156033
207651
157448
215041
156009
207637
207663
156032
207630
155923
156010
155920
207650
155882
155886
155883
155980
215123
207689
215089
155974
207706
155983
215011
207648
155979
207707
207626
155884
155919
155977
207662
155880
156006
157991
155885
155881
207705
155982
207639
207629
207690
155861
155945
156012
155975
207704
155879
155862
207703
155876
155969
207683
155857
155970
155967
155858
155877
155878
155859
215009
155914
155913
155917
155915
207701
207644
155964
207702
207684
207682
155860
155856
155907
207688
214981
208345
156259
208343
157993
156247
156250
208342
208340
155872
156254
240197
208344
156243
155875
208341
156253
215021
157371
165266
155852
156241
208339
214957
156258
207661
207777
156210
207687
215087
208338
156209
159298
156321
207676
207714
156323
156242
156252
207655
207641
207700
240199
188815
215061
207643
208336
90103
208337
215007
215019
207735
207659
156271
207822
207698
207666
207657
207713
156240
207699
207667
207647
208335
156249
208332
156304
156248
156305
156301
156280
208334
156281
156255
156285
208333
207765
208331
156282
156300
156279
207756
208330
156236
208327
156235
215039
156238
214943
156245
156237
208328
156208
208326
156295
208329
208325
156297
208324
156293
156291
214941
156273
207678
207642
156246
156234
207632
156232
157372
207658
207645
157971
156264
207697
156233
156230
156231
207665
156261
207769
208323
208322
156228
156107
208320
156134
156205
156226
208321
156206
207805
156104
208319
156224
208318
207664
156222
157466
156203
207654
156221
208312
207768
208313
156195
156212
156213
207636
208317
156193
207767
208316
156211
228275
208315
156214
240227
156215
156194
156170
208314
156219
156218
156200
156191
156190
207748
156167
208311
156168
208310
156178
156186
156105
208308
208304
156181
156184
156113
156103
156185
208309
156133
208307
156166
208305
156100
156179
157353
156112
156102
208303
156187
156180
156101
156164
156132
156111
208306
156176
156109
208302
156173
208301
156162
208300
156129
208297
207804
156155
156130
156126
156069
166273
208298
208299
156108
156127
156070
156128
156116
156159
156156
157465
156148
156151
208296
207734
208295
156124
156123
166281
156097
207764
156149
155308
156144
165005
158871
156142
156122
156062
156135
156147
208291
156106
208294
208292
207759
156098
208293
156119
156138
156141
156143
207736
208290
208289
208288
208285
156059
156049
156055
156056
155724
156046
155761
155723
156047
156043
156045
155762
208283
208287
156058
208284
207821
208286
208282
156044
156042
208278
208276
156013
208281
155780
156005
156040
155735
208277
155777
156014
156029
156039
156001
156053
155738
155737
208279
155759
208280
156041
156002
155999
208275
155990
155949
208267
155319
155939
155961
155996
155984
155758
155722
208270
155771
208274
208268
155950
208272
155986
155774
155736
155773
155960
208265
155733
207803
155998
155987
208263
155958
155997
155989
208266
208264
208269
155993
155732
208271
208273
155937
155772
155959
155956
155557
158060
155955
208261
155720
155749
155754
155519
155750
155553
155555
228197
155936
155549
155518
155520
155554
155734
155756
155547
155546
155552
155558
208262
208260
155953
155710
155709
155757
155517
155957
155731
155706
155515
155718
208259
155708
155538
155534
155716
155752
208255
155542
155755
208251
155753
155705
155540
155532
155704
155537
208254
155544
207820
155541
155747
155707
208256
208252
155533
208253
188819
208258
208257
155719
155545
155503
155508
208249
155728
155489
155745
155506
155504
155717
208250
157454
155729
155505
155743
208247
155510
208246
155512
155744
208248
208241
155500
208245
155715
207745
155703
155490
155488
155499
158074
208243
208244
155483
208242
90438
155481
155484
155714
155702
208239
155739
155767
155495
155479
155496
155482
155766
90473
155742
155726
155781
208237
155470
155763
155494
157452
208238
208240
155480
155765
155727
208236
155725
155741
155701
208232
207792
208231
208233
155697
155592
208235
208234
155696
155571
155591
155570
155530
155669
155694
155690
155700
155607
155713
207726
155527
155526
208226
155686
208225
208229
155529
208230
155667
155692
207783
208227
155689
155606
155687
155528
208228
155583
155685
157011
158064
157374
155684
155525
208224
155679
155569
161724
155676
154963
208219
155604
155566
208218
155663
154971
207819
155665
208220
208222
208217
155565
155578
155580
208223
155568
208221
155523
155581
155567
155524
155673
155662
208216
208215
155645
208210
208214
155521
157974
155562
155646
155576
155563
158063
155579
208212
208213
155643
155647
208211
155644
155637
155653
155640
155657
155654
208207
208204
155522
208208
155561
207738
155602
155658
155575
208205
208209
155638
208206
155642
155651
208203
208202
155634
155468
155491
240229
208197
208194
155477
155629
208198
154961
208196
155628
208195
208201
155572
155627
155624
155559
155589
155597
207818
155469
155625
155588
207791
208199
155478
208193
155632
155560
208200
155467
155474
155593
155621
208192
155618
155619
157355
208190
155466
155465
155620
155586
155616
208191
188821
155587
155475
155307
155614
155610
208189
155617
155464
159250
155615
155462
155585
155609
207817
155611
155473
155595
155472
155094
155409
155797
155093
155458
155789
155461
155406
155305
208187
155795
155410
155408
155075
155794
155471
155091
155407
155405
155457
208188
155092
208186
208184
155427
155422
155787
155792
155419
155428
155068
208183
155067
155429
155064
155421
188824
155423
155426
155424
155399
155074
155070
208185
155425
155432
155420
155065
208181
155072
207751
155448
163058
155454
155063
155455
208179
208174
155000
208176
163060
155443
155368
155066
155411
208180
155785
155395
208177
155456
155397
155451
155414
155396
208182
208175
207758
208178
155445
155452
155073
155770
155786
207782
155450
208173
155440
155439
155444
207816
208172
154997
208171
208170
158062
155318
208169
207790
155014
208167
208168
154998
154999
155400
155367
155392
155784
155433
155768
155015
155791
155401
208166
155364
155271
155387
155012
155389
155363
154996
155013
155386
155365
208165
155388
155361
154970
155360
155362
155384
157438
155385
154989
208161
207814
208164
154991
155329
154993
158075
155357
155372
208159
208160
155371
155380
154985
207773
207815
154994
154995
154992
155381
155375
208162
154984
155783
208158
155355
163993
154987
155799
154986
155353
155378
157440
155011
154988
208163
155373
155376
155798
154990
157424
208154
155350
154968
208155
155099
154981
154982
154828
155348
155080
155351
155352
154978
155349
154969
155346
154983
155347
155344
154980
208157
155101
208156
154976
155339
208153
154975
90829
155078
154967
155079
155096
208150
155304
207744
155338
159255
154966
208151
154974
155076
155098
208152
161012
154977
154965
154964
157422
155097
194071
208149
155337
155077
155796
208146
208145
155790
155336
154973
155334
208148
154962
155335
155095
155321
188823
240185
154972
208147
155272
154949
154950
157994
154959
157441
158853
154945
155230
155227
155247
155250
154946
155245
155249
154957
155286
155246
154947
155229
155251
154960
154955
154948
154958
154944
155266
155267
154956
154837
155226
155244
155285
154943
154953
154954
155242
154888
154917
155224
157435
154914
155243
154918
154889
157430
154931
155223
154916
154890
155225
154887
240187
154908
154912
155222
155237
155232
155265
154884
155221
154909
155220
155238
154885
155235
154913
155284
157418
155231
155240
155236
154886
155283
154911
154910
155241
155239
155234
155233
154905
154883
155219
155282
154906
240195
188827
155279
155280
154936
155208
157912
154952
155278
155262
155214
155261
154935
155210
188829
155207
155206
155209
240189
169531
154930
154902
154939
155260
157421
190067
154827
154940
155217
154937
155259
154942
154927
154904
154903
155300
155204
154941
155205
154925
154951
155216
154938
155218
155203
154926
154922
157892
154919
155277
165956
154933
154896
155199
157893
154921
154899
155202
154898
157436
154934
157437
154826
154901
155201
154895
154891
154880
90983
154920
154893
154877
154875
154879
154868
154900
155198
155215
155200
154924
188831
154874
155213
154923
154932
154876
154869
154870
155258
154878
240191
154867
154850
154864
155189
154871
154872
154849
155212
154873
154865
155254
154866
158729
154845
154862
154863
154848
155276
154844
154846
164051
155256
157419
155197
154859
157451
154860
154861
154841
155253
154851
154852
154842
154856
154857
157894
154840
154858
154843
154855
154854
155190
240193
165953
157417
154830
155298
155188
154838
155299
155297
155273
155295
157416
154853
155211
155196
157915
155316
155274
155313
155317
155314
155193
155315
155293
155312
155288
155192
155270
155287
155187
155311
155195
155290
155184
155194
155294
155292
157913
157871
155252
155291
155275
155289
155186
155182
155071
211673
155183
155150
155149
157927
155044
155038
155173
155148
155049
155042
155166
155147
155181
155175
157429
155165
155179
155170
155041
155171
155169
157928
157428
155176
155168
155040
155177
155167
155164
155174
155178
155162
155039
155158
155028
157938
155163
155161
155027
155159
155160
155142
155145
155144
155156
155036
188834
155154
155143
155137
155128
155151
155033
155152
155050
155054
155130
155048
155047
155026
155127
155126
155123
155129
155125
155153
157929
155139
155155
155035
155032
157425
155140
155034
160054
155031
155023
155010
155121
155053
155138
155136
155052
155046
155135
155134
163776
155030
155118
155120
155122
155024
155051
155116
155133
155025
155117
155045
155043
155114
155115
155113
155131
155132
155008
155090
155089
155111
155086
155020
155109
155009
155108
155106
155022
155007
155088
155006
155110
91250
155083
155085
155005
155087
155105
155107
155082
155084
155104
155081
155102
155057
158311
155058
154836
155056
155103
155059
155018
155055
157439
155017
155004
155003
155001
155100
155029
155019
155060
155021
165264
155002
156892
155302
223583
156864
91418
156860
156846
208142
156862
156870
156952
156865
208144
155301
156873
156875
156863
155016
208141
208143
156930
156874
156940
207802
156929
156942
156861
156951
156872
156871
156845
156843
208140
157939
207813
208139
156938
156921
156924
208138
156849
208137
156920
208135
156927
156925
208136
156922
156918
208132
156933
156935
156842
156848
208130
208133
208131
156867
156858
208134
208129
156932
156915
156916
156909
156859
156914
157423
156841
208128
156908
207755
156855
156857
188837
188840
156905
217405
207812
160992
208127
156903
207753
156854
156902
156886
156911
156889
188842
188839
207811
156837
208125
156853
156884
208122
208126
208124
156888
208123
228273
208120
208121
156838
207742
208118
156852
156833
208119
208116
156876
208117
156834
156895
156898
156877
156891
156896
208115
156894
156851
208114
154755
208113
154504
154505
154722
154494
154501
154466
154469
154753
154750
154499
154496
154495
154720
154719
154467
208110
154751
154754
208109
154491
154752
154502
154465
208112
154721
157930
154492
154503
154723
154472
165263
154468
154470
154500
154779
154498
154473
154493
208111
157359
154717
154744
154718
154456
208107
154746
208106
154716
154748
208108
207746
154777
154765
208105
154747
154741
154749
154833
154745
154457
207800
207801
154459
154778
154453
154743
154824
154762
154458
154825
208104
154455
91584
154772
154761
154818
154807
154821
208101
154806
168051
154775
154820
154819
207789
154774
208102
154773
154771
208103
154816
154815
154760
154817
154740
154742
154814
154713
154736
154813
154730
154738
208100
208097
208098
154715
154735
154737
208099
207729
154803
154734
208096
208095
154757
207740
154739
154454
154770
154590
154759
154797
154758
154798
154769
208094
154800
154728
154795
154794
188844
154796
154792
154793
154712
154789
208093
154790
154791
154785
154733
154786
154767
154788
208092
154766
154729
208091
194075
154781
154784
207799
208090
154634
154710
154622
239341
154610
207757
154708
154687
154641
154651
154624
157952
154709
154711
154635
154623
154633
154732
154731
154688
154625
208088
208087
154686
154704
154682
154703
154631
154705
154698
158912
239339
154701
157362
154629
154632
154628
154683
154702
208086
154699
154681
208085
154696
154639
208084
154697
235893
154680
154620
154691
154692
154693
154677
154678
154619
207763
208082
154626
154609
154617
154668
154616
165016
154667
154676
154614
154615
154669
154613
154627
208083
154608
154665
154638
208081
154673
154674
154672
154664
154666
154671
154636
154637
154649
154662
154660
157377
208080
208079
154650
154658
154611
154648
188845
208754
154659
154655
154656
154646
154644
154654
154607
154645
207739
154589
154612
208078
154652
154606
154642
208077
154524
154523
154525
154587
154588
208076
154603
154585
154519
154604
154601
154522
208075
154521
154582
164731
154537
208073
208072
154584
208074
207762
208071
154578
154477
154595
154538
154599
154597
154577
208069
154520
208070
154535
207781
154518
154591
154592
154593
154594
159276
159269
208068
154514
207761
154574
159292
157940
154513
154568
208066
154476
154532
154515
208067
208065
154569
154571
154536
154516
154564
154566
154558
154559
208060
208062
154479
154510
164372
208063
208064
208061
154490
154560
154509
208059
208058
208057
154553
154552
154547
154487
207754
208053
239337
154486
208055
154511
208054
154554
154485
208056
154551
207728
154475
239333
228195
154528
154546
154542
154451
154508
154507
154527
239331
154544
154543
207743
239335
208052
208051
154541
207732
154526
240321
240323
240327
239329
208049
91830
240325
208048
208046
208044
208045
239327
208043
208042
208047
208041
208040
208038
239325
91870
91860
91941
208039
239323
92461
208034
240329
239321
208035
208036
208033
239311
190057
239317
239315
239319
208030
91872
239313
208027
208020
239301
208017
239309
208016
208023
239201
208024
239303
240333
91866
91957
239307
208022
91865
239305
240331
91944
239299
208015
91956
208014
208013
208012
239297
91955
239295
91927
208008
208009
240335
208007
208003
129613
208004
208005
240341
208006
240339
240337
208002
208001
208010
208000
207999
207997
207998
92436
207995
207994
207993
207996
92443
91891
207992
92439
207991
92437
240343
92451
207988
207986
91934
207987
92462
207989
207985
207990
207984
92463
207733
207980
207978
207979
207983
207982
207981
207977
239293
207976
207972
91936
91935
207973
91904
207970
207974
207971
207969
207968
240347
240345
239291
207965
91938
207966
207964
207963
207962
92454
240387
240385
240389
91940
91961
207961
92438
240349
91964
207959
207960
91969
91971
207958
91970
91968
240351
92003
92450
207957
92002
92466
240355
91972
92456
92006
91975
92440
91974
92453
207956
91973
207810
92459
91976
207955
92465
207951
91983
91999
92008
207954
92007
91998
92442
92464
207953
91997
207952
91980
92435
92460
207950
91981
91982
92009
207949
207947
207946
207948
92011
92010
92457
92012
223539
91989
223603
92455
92458
92014
207943
207945
92291
92467
207942
207941
91992
207940
92452
92000
207936
207934
92030
240353
92032
91995
92016
207937
207935
207939
92017
207938
92029
240357
207933
92019
92059
92042
207787
92023
207760
207931
207932
240359
92020
92022
92037
92031
240365
92018
240363
240361
92057
227961
92055
92071
207930
92060
207928
207929
92051
207924
91996
92061
207927
207925
92072
92038
207926
92067
92056
92066
193973
92076
92087
92073
92078
207922
92064
207798
92074
207923
92075
142020
147302
207919
207917
207920
207921
207915
92119
92065
207918
207916
92117
207912
207914
92086
92104
92102
92094
207730
207910
207913
92108
92084
92109
92107
92105
92103
207911
92082
92083
207766
92114
92100
92120
92113
92121
207908
92095
92111
92096
92101
92115
92106
207909
207907
92124
207903
92122
92150
92131
207906
240369
92123
92128
92137
92149
207905
240371
207904
240367
92126
207899
207900
92151
207901
92146
207902
92142
92141
240375
240373
207797
92152
207752
92153
92148
92163
92154
92147
92158
92176
207898
92157
92145
92167
92168
92161
92165
92166
92164
92160
92159
92177
207897
92162
92169
92174
92170
92180
92181
92179
207895
92171
92183
92175
92182
92178
207896
92197
92185
207894
92223
92207
92200
207888
92221
92193
92211
207890
92188
92210
141815
92201
207891
207892
92199
92212
207889
207893
92194
92198
207776
92208
92196
92213
92228
128163
92195
92209
92190
92187
92227
92229
92230
207727
92261
92259
207881
207880
207887
92222
207884
92225
207885
92243
92224
207883
207750
92220
92226
92248
92247
92237
207882
92235
92241
207886
92233
92216
207875
92253
207874
92262
92238
92245
207877
92250
207878
92251
92236
92244
207879
207876
207873
92252
207775
207809
240377
207871
92277
92306
207872
92270
207870
92273
207869
92276
207867
92280
92274
207868
92288
92278
92281
92286
125178
207741
207864
207863
92275
207865
92285
92289
92284
92292
92293
92271
207786
207866
92319
92307
92287
92299
92312
207749
92302
92304
240379
92311
92305
207858
207860
207857
207859
207862
207772
92300
207861
207731
159253
92313
92321
207780
92347
207856
92350
92333
207771
92323
92322
92328
92336
92329
92326
92348
207853
207855
207854
92349
92330
207849
92363
92331
207851
207852
92334
143025
207850
240383
207774
92344
92365
92353
92364
92343
92345
92351
92342
207848
92335
207770
207847
92361
207737
207846
207844
92367
207843
207841
92391
207845
92359
207840
92362
240381
207842
92378
92390
141786
92487
92405
92373
92406
207796
92382
92377
207838
92392
92422
92381
207837
207836
207839
92372
92421
92383
92389
92384
92407
92401
92386
213851
92408
207832
207779
207833
92410
92396
92395
213953
92398
92397
92394
207835
92388
207834
92403
207831
92413
207829
213951
92468
92425
207830
92499
214003
207828
92428
213941
92427
92415
92402
92419
92411
92423
92424
213929
92414
92416
92469
92482
92429
92430
207827
207826
92476
92473
207778
92472
213949
92474
92483
92477
92478
213921
92490
92488
92515
213983
92480
92496
92489
92497
92484
92481
213841
92516
92498
214001
213825
92512
145453
92493
92530
92502
188918
92495
92491
92503
213873
92494
92505
92521
213891
92532
92511
92526
92509
92518
92510
92520
92507
92506
92508
92513
92519
169512
92527
92528
92523
92533
92538
92548
92524
92534
213887
213889
213911
92560
213857
92535
92547
92546
92549
154271
92525
92550
92555
92541
92551
92542
92552
92553
92554
92543
92574
190102
131305
92558
213837
92577
147303
92564
92587
92566
92604
92559
147304
92567
92590
147305
188919
92563
92621
92607
92576
92623
92573
92584
92602
92569
92619
92622
145288
144772
92605
92581
92608
92583
213999
92630
92606
92620
92568
92571
92579
213821
92593
149507
92597
92610
159303
92596
92603
92643
92644
92588
92589
92631
92625
92618
92598
92611
92628
92612
92594
92614
92595
92585
92624
92617
92586
92645
92615
92613
92599
92601
92600
92640
92616
92632
92627
92659
166271
92639
92633
92635
92651
240393
92648
92649
92674
92676
92637
92636
92647
92650
92629
92641
92656
92634
92642
92638
92675
92661
92671
92652
92690
92657
92654
92653
92663
92689
92664
92658
147306
240391
92668
92697
92665
92701
92691
92687
92667
92677
92672
92669
92666
92673
92678
149651
92688
92680
92702
92681
92679
92682
92683
92703
92685
92684
228113
92693
92704
92686
92695
92694
92746
92705
92710
92747
92719
92711
92699
92706
92709
92696
92720
92708
92707
92698
92718
92732
92723
92721
92712
92725
92733
92722
92714
92735
92715
92717
92724
92734
92713
92716
92700
92726
92729
92727
92799
92764
92749
92748
240395
92731
92737
148079
92744
92750
92751
92730
92739
92736
92760
92752
240397
92743
92776
92741
92745
92738
92742
92728
92753
92777
92755
92754
92765
92772
92759
92768
92770
92773
165955
92766
92792
92761
92778
165954
92797
92771
159208
92758
92756
92767
92795
92757
92774
92798
92779
92780
92794
92783
92812
92813
92782
92817
92816
92793
92815
92781
92818
92788
92834
92838
92787
92814
92832
92801
92803
92804
92836
188924
158333
92789
92835
92802
92786
92785
92800
92837
92790
92784
92833
92806
92809
92819
92807
92808
92854
92874
92852
92821
92873
92847
92855
92856
92829
92820
92811
92853
92810
92858
92830
150991
92827
92848
210753
92828
92840
92825
144107
207370
92831
92841
92839
92826
92822
92849
92843
92878
92877
92879
92844
144148
92842
92850
92876
147493
207396
92845
92846
207357
207314
207372
207342
207340
207345
207377
207313
207351
92871
207371
207335
92870
207395
207376
92898
207359
207362
92896
207383
92895
92897
207361
207375
207319
207344
207331
160035
207356
207334
207364
207384
207401
207360
207394
207355
92899
92929
207369
92913
92930
207333
207392
207393
207368
207350
207400
92911
207330
203748
92915
207312
207337
188925
207399
92931
92927
92926
207338
207336
213917
92948
207374
207322
92920
207358
92925
92933
92932
92949
92956
207325
207391
207329
207367
207347
92944
92951
92968
92957
92928
92953
92941
213863
92950
92975
143524
207341
207390
207366
92946
207311
92954
92945
207315
207349
92995
92996
92980
92970
92981
92984
213939
92986
207320
207310
207389
92982
92969
207324
92997
213903
92971
92985
92983
207352
213899
207388
92987
93018
159267
92993
93000
92999
93001
92991
93004
223983
92972
92998
93002
92992
213997
92989
93005
92978
92994
93006
93019
207260
207301
93015
207212
139423
207218
93020
93009
207252
207225
93014
93008
207231
207300
93052
207272
207248
93045
93050
207266
93046
93021
93026
207213
207265
207259
93048
207211
93063
93033
93035
93034
207287
207208
207209
93036
93049
207251
207234
93051
207243
207298
207267
207299
207250
93057
207256
207240
93060
93065
93064
207223
207297
207242
93078
207264
93067
207295
207296
160891
93061
93077
207214
207239
93066
207232
207210
93080
93094
93081
93076
93083
207271
93095
93082
207294
207293
207222
207285
93096
93114
207221
207292
207220
207254
207284
207286
93097
93116
207247
93115
240399
207216
207246
207249
93120
93135
207328
207283
207236
93117
93112
207269
207382
93119
93118
207263
207291
93108
207381
93134
207258
207253
207270
93104
93136
213885
207323
207365
213947
93156
207339
207398
207321
207387
207309
207380
207363
240401
207386
213965
213849
207343
207332
213919
207308
207290
213843
213981
93151
207302
207354
93150
213915
207318
207307
213909
93148
213813
93160
213995
207326
207348
213823
207317
207470
207469
213937
93185
207316
93181
207397
207353
207327
93180
213839
207385
207471
207468
207306
207346
207373
93198
207255
207303
93182
207379
213907
207304
93177
207305
207203
207207
93183
240403
207230
213879
207233
207268
207227
213945
93201
207289
207245
207282
213877
207288
93213
213861
207281
93214
93207
213943
213867
207229
93220
207237
93203
207215
93216
213831
207228
213979
207277
207224
207206
207261
207262
207235
207280
207278
93227
93235
213847
163332
207279
213859
207205
207244
207217
213895
93243
207238
93251
213913
213893
207273
207204
207276
207275
213993
240405
207274
93282
207257
213833
213845
240407
207219
93263
93259
93261
93265
93262
148431
207226
207241
213963
213935
93270
93271
93274
141093
207378
93273
93276
93275
213991
207467
93293
93284
145315
207464
93292
93278
93277
207465
207462
93279
93294
207466
207463
207458
194076
207459
93303
207457
93307
93308
93304
207461
207456
207460
142148
207455
93328
93321
93323
93322
207449
207451
207454
206268
93302
207452
207450
93310
207453
93298
93335
93326
93317
93334
93313
93324
240479
207446
93337
93603
93319
93325
93352
207448
125340
207447
93333
93327
93336
93353
207445
93341
93339
228193
192848
93342
93350
93351
93354
93331
93349
93338
93340
93330
93329
93368
93365
93346
93370
93355
207444
93357
93362
93359
93358
215451
93364
93369
93363
93367
93361
93356
192850
93348
93366
207443
93380
93373
93378
207439
207442
207434
93360
207440
207435
93389
93371
207441
93390
207437
207436
207438
93372
93408
209214
93402
93409
207428
93435
93385
207432
93404
93397
93412
213883
207433
93410
213933
93403
93405
93407
93396
207430
93413
207429
93411
131330
93391
213871
207431
93401
213989
93439
93416
148476
93456
93443
93444
93422
93423
207427
93424
210317
93419
93420
93415
93399
213827
93418
93417
93446
93455
213901
93445
93427
213977
228191
93458
93428
213869
213925
93448
93429
93432
93441
93457
93452
213927
213975
213961
93431
228189
93472
93430
93450
93433
93442
93481
93464
93473
240417
207425
93454
93468
207426
93469
93470
93453
93467
93466
213973
93465
93463
240409
240411
93475
213807
93483
93488
207423
93474
240419
93486
93487
93490
93489
240415
93482
93485
240413
207424
93484
207422
207417
213809
207418
93491
207420
207414
207413
207415
240421
93506
207416
207421
207419
93505
93561
207409
207404
93526
207407
93533
207408
240423
207403
93541
93532
213811
240429
207406
207402
93550
207412
240427
207405
240435
93560
93539
93525
207410
207411
240425
240431
93540
240469
93577
177790
93556
93563
240447
93535
93578
93542
93554
93555
93543
240441
93557
177785
158854
240439
93552
93537
93536
93534
240443
240455
240437
93527
93596
93538
93553
240433
240445
93562
93589
177788
177791
240453
219639
93588
93576
93606
93617
240449
93607
93586
240459
240467
240451
240463
93591
93592
93598
93558
93575
93590
240465
240457
177789
177786
93587
240461
93608
93594
93593
93618
93613
93623
93609
93612
93616
240477
93585
93610
93619
93611
93620
93621
93622
240475
93624
93559
93634
93614
93633
93627
93636
93628
93632
93635
189018
240473
93650
93626
93648
141305
93629
93625
212707
93615
93649
93637
240471
93661
93662
93654
93663
93645
93647
93640
93638
93656
93639
93681
93653
93652
93644
93680
93642
93655
93651
189019
93664
93646
93665
93666
93671
93673
166272
93676
93677
93684
93675
93685
93667
93658
93683
93674
93668
93672
93678
93687
93670
93657
93660
93682
93686
93679
93705
93703
93689
93702
93704
93688
93717
93692
93690
93699
93708
161313
93706
93698
93707
93693
93691
214203
93695
93718
93701
93715
214201
214199
93710
93720
93722
240481
214197
93711
93716
93725
93713
93700
93745
93757
93737
93772
93726
93770
93696
93697
93739
164700
214195
93727
214191
93734
214189
93730
93746
93732
93763
93728
93736
93769
93773
93771
93774
93733
93744
214193
93731
213835
93756
213959
93755
213819
93750
93742
93753
93751
214187
93735
93775
93748
93749
93766
93765
93752
93743
214185
93758
93754
93759
93779
93783
93768
93767
93781
93782
213987
93780
93777
93776
93798
93784
213957
93796
148953
213829
228187
93801
93795
93804
93790
93786
93785
93789
93799
93809
93762
93787
93805
213897
93802
93793
213855
93823
93806
93811
93816
213985
93814
93810
213817
93824
93807
158913
93813
93815
93803
213971
228185
93818
93821
93830
189021
93829
93827
93817
93832
93833
213955
93825
213923
93837
213805
93839
148811
93841
93838
213865
93834
93835
213875
93881
93857
213853
93859
93860
93853
93845
93855
213969
93879
93843
213931
93847
213881
93878
93851
93882
93848
93880
240231
93856
93907
147991
93873
93875
93877
93874
93876
93863
164375
93871
93903
93865
93862
93904
151166
93867
93872
93866
93899
93884
93886
93868
93912
228183
93906
93908
93910
93900
93870
93901
93887
93905
93909
93902
93911
93898
93923
93869
228181
93922
93889
93932
161113
93937
93931
93915
93935
189022
93930
93933
93914
93897
93921
93895
93913
93936
93892
93890
93896
93894
93891
93920
93941
93940
93929
93916
93928
93951
93949
93939
189023
93938
93948
93934
93925
93950
93918
93927
93917
93975
93919
93976
93969
93954
93959
93961
93955
93945
93957
93956
93972
93962
93944
93953
93971
93942
93943
93968
93947
93970
93963
93946
93958
93960
93967
93952
94013
93977
93964
94014
93981
93984
93987
93994
93993
93980
93979
93965
93974
93983
93996
93995
93973
93982
93978
93966
213967
94015
94021
94009
94006
93998
94003
94004
94017
93986
94007
93991
93985
94000
93990
94016
94022
93999
94005
152973
94002
94010
93989
94023
93992
94008
93997
146470
214183
214179
94028
94020
214181
94038
94026
213905
94040
94043
94031
223541
94027
94033
94047
94019
94030
94094
94039
94029
94012
94024
94034
94061
94062
94083
94066
94068
94054
214173
94069
94049
214177
94044
94055
94050
214175
94051
220259
214171
94037
94052
189025
94063
94071
94085
94087
94106
214163
94045
94059
94084
214165
214161
94086
214167
94064
94070
214169
94065
94090
94074
94075
94100
214145
228179
214155
94111
94091
94108
94097
214147
189026
94088
214151
94095
94096
214157
94109
94098
94107
214153
94073
214159
214149
94104
94117
214143
214139
94076
94116
94115
214135
214137
94129
94112
94092
94082
94125
214141
158876
94114
94140
94113
146468
146469
94136
214133
214131
94145
227959
94124
94127
94138
94120
94133
94148
94146
94142
94141
228175
94126
94135
228177
94122
94152
94168
94154
94144
214129
94153
94169
94174
94149
214127
94171
214125
94139
94161
94187
94175
94155
94170
94160
94176
94162
228173
212713
94189
214123
94163
94164
94157
214121
94156
94166
94180
94185
94192
94213
94196
94211
94193
94184
94179
157191
94182
94194
147297
94183
94167
94210
94186
94190
94209
94177
94191
94212
228171
94204
94199
94200
240483
94219
94203
94214
94247
240485
94216
94207
94205
94222
94198
94197
94202
94201
94246
240487
167911
94221
94217
94215
94223
94248
94229
94254
94252
94227
94255
94249
94228
94224
94225
94226
94230
94239
94237
94232
94240
94257
94234
94238
94235
94236
94251
94256
94233
94253
94231
94250
94288
94264
94289
94262
139005
94258
94286
94285
94244
94241
94242
94282
94263
94245
94265
94284
94261
94260
94278
94259
223543
94279
94266
94281
94270
94292
94271
94273
94267
94269
94274
94272
94291
94268
94280
223545
240489
94276
94311
94277
94275
94293
94313
94310
94315
94299
94294
94312
94295
94296
94297
94298
94303
94326
94304
94300
94301
94306
94327
94317
94302
94334
94325
94316
94305
94307
94329
94335
94328
94318
94336
94333
94332
94363
94338
94339
94364
94320
94321
94322
94330
94309
94331
94365
94348
94324
94308
94354
94362
94353
94337
94319
94366
94357
214115
94345
94341
94346
94355
94356
94351
94350
94359
94349
94340
153012
214119
94343
139221
214117
94352
139844
214113
94385
94367
214105
214101
151165
94373
214095
214097
94372
94401
94369
94412
94415
94400
94389
94370
94371
214091
214103
94375
94378
94402
94387
94403
214111
214099
214107
94376
214109
214093
94368
94379
94416
94405
94408
214075
94443
94406
94417
214087
94393
214077
94396
94394
94395
94418
94425
214079
214085
214083
94450
94391
214081
94421
94423
94404
94451
158855
228169
94441
94440
94397
94392
94407
94442
94426
214089
94399
94428
94429
149051
94533
94458
214067
94432
94460
214071
214065
94456
94455
94482
94447
94444
94434
214069
94448
214073
94445
94433
94461
214059
214063
214061
214057
161112
94485
94438
94436
94462
94464
94463
94465
94474
94524
94479
214055
94470
94472
94471
94486
94475
94467
94469
94480
94478
94473
94489
94466
94468
94481
94487
94495
94513
94477
94476
94512
94494
94525
94511
145452
214053
94496
94518
94534
94490
94514
240491
94560
94492
94497
94526
94516
94523
94502
149157
214051
94520
94517
94519
94499
94536
94537
94515
94522
189032
94529
94528
94503
94530
158592
157153
94500
94538
94504
94658
94539
189033
94505
94577
147299
94566
94509
94569
94573
94507
94548
228167
94544
94561
94508
94565
94545
94567
94578
94510
94552
94506
94562
94574
94550
94553
153031
94563
94542
94546
94551
94540
94547
94568
94549
94532
94554
94555
94571
94558
94602
94564
94559
94600
94594
94572
94581
94595
94557
94579
94570
94603
94556
94580
94598
94599
94593
94596
94582
94601
94604
94597
94583
94584
94610
94585
94639
94609
94636
94606
94613
94632
94591
94643
94638
94612
94605
94590
94614
94616
94641
94586
94633
94637
94642
94587
94631
94617
94635
94615
94607
94611
94588
94640
94589
94608
94634
94592
94672
94620
94622
94703
94630
94644
94663
94660
94692
94659
94661
94619
94649
94626
165957
94691
94621
94645
128186
94693
94662
94690
94625
94629
94623
94627
94628
94647
94689
94646
94618
94624
240497
94744
94650
94702
94654
94657
94679
94653
94666
94668
94696
94674
94698
94665
94675
94676
94656
94700
204198
94695
94697
94678
94680
94667
94705
94699
94652
94701
94664
94669
94673
94655
94651
94681
94670
94682
240495
94706
94683
94721
94713
94707
228165
94777
94718
94714
94761
94760
94719
94763
214239
94722
94709
94762
94710
94712
240499
94715
94765
94711
94686
94776
94684
94717
94764
129647
94708
94687
94685
214049
94736
94688
94783
240501
94723
94766
94730
94767
94770
94729
214045
240493
94738
94771
94725
94779
94731
94747
94746
152201
94724
94732
94768
94739
94769
214047
94778
94726
94727
147298
94728
214043
94748
214037
214035
94749
94772
94773
94733
214041
94774
214039
94775
95554
94751
214025
94791
94792
94753
94754
94825
94786
94759
94756
94809
214029
94755
94789
94812
214027
214031
94757
94758
94784
94807
94810
94752
94793
94811
94824
214033
94794
94795
94868
94818
94803
94806
94805
214023
228163
94797
94821
94819
94820
214021
94822
94804
94823
94800
94796
94816
94814
94798
94815
94817
94813
94847
214019
94848
94849
94832
94844
94833
94836
94826
94841
94853
94887
94839
94851
214015
94837
214011
214013
214017
94843
94886
94879
95043
94846
94827
94834
94831
94852
94850
94854
94888
94829
94914
94830
94873
94894
94869
94862
95034
217409
94895
140164
94860
94867
94891
94877
94892
147499
94890
94881
94875
94874
94870
94896
94861
94865
94883
94871
94872
94880
94855
94858
94882
94856
94889
94857
94864
94859
94876
94884
94885
94941
94904
94906
94921
94908
94918
94912
94934
94946
94917
94944
94899
94943
94945
94898
94919
94947
94901
94935
94939
94915
94942
94937
94909
94905
94903
94910
94940
94902
94920
94936
94897
94916
94907
94900
145521
94938
94913
94922
94924
94931
94979
94926
95008
94927
94978
94952
94950
95024
94923
94925
94953
94955
94975
94930
94929
94981
94951
240503
95007
94977
94928
94954
94949
94980
94956
94976
94932
94933
94982
94987
94969
95009
94964
94989
95047
214009
94986
240505
94970
94957
95014
94988
94972
95011
95012
94971
94960
95022
94963
94961
94958
95010
94967
94959
94965
94985
95021
95013
94983
94962
94968
94966
94996
95027
95026
94974
95049
94995
95020
94993
95023
95019
95001
240507
95028
95051
94991
228271
95003
95002
94973
95018
94998
95000
94990
95032
94997
95031
94999
95029
95015
95017
95016
214007
94994
94992
95004
95005
95006
95045
95040
95055
95039
95041
95038
95044
95035
95046
95053
170423
214005
234277
157495
95036
95054
95057
95042
95058
190069
95097
95066
95072
95076
95067
95062
95077
95120
95071
95095
95088
95065
95073
95079
95085
95084
95061
164687
95092
95069
95068
95060
95096
95070
95087
95086
95093
95082
95094
95075
95121
95078
95089
95083
95074
95090
95059
95080
139006
95098
95091
95064
95081
95100
95101
95117
95119
95115
95113
95106
95118
95107
95108
150171
95103
228161
95114
95123
95104
95112
95116
95109
95124
223999
95110
95128
95145
95126
95132
95127
95125
95153
95144
95135
95149
95134
95148
95151
95150
95136
95147
95129
95133
95122
95146
95131
95130
95152
165963
95138
95141
95140
189063
95142
95143
95182
95218
95174
95168
95161
95202
95171
95160
95172
95159
95219
158992
95173
95185
95207
95181
95162
95175
95216
95156
95183
95163
95215
95204
95179
95167
95170
95157
95155
95158
95200
95206
95176
95166
95205
95164
95154
95180
95165
189064
95169
95184
228159
95186
95187
95194
95225
95211
95208
95197
95213
95247
95227
95209
95221
95217
95189
95220
95236
95251
95231
95226
95196
95233
95210
95228
95229
95191
95235
95192
95222
95190
95237
189065
95188
95198
95230
95224
95199
95212
95234
95214
95193
95238
95232
95239
95240
95248
95249
95246
95243
95254
95223
95242
95253
95250
95245
95252
95244
95279
95241
95258
95256
95275
95257
95276
95280
95281
95282
95255
95274
95259
95287
95286
95278
95268
95277
240509
95271
95284
95272
95261
95265
95289
95288
95269
95266
95263
95267
95340
95283
95264
95273
95262
149151
95260
95270
95291
95375
95339
95296
95332
95344
95292
95294
95346
95293
95323
140923
159302
240511
95329
95305
95318
95319
95298
95347
95315
95306
95345
95320
95351
95308
95301
95331
148571
95349
95317
95295
95343
95321
95342
95311
95327
95341
95326
95309
95299
95322
95297
95310
95307
95324
95350
95330
95374
95328
95316
95300
95325
95348
95312
95313
95314
95356
95333
95358
95416
95377
95415
95354
95360
95361
95378
95334
159991
166854
95357
95376
95338
95359
95336
95355
95337
95362
95363
95367
95402
95369
95385
95368
95379
95366
95364
95383
95386
95387
95382
95384
95380
95381
95365
95370
95371
95403
95389
95407
95408
95393
95400
95398
95396
95477
95419
95390
95442
95418
95391
95388
95409
95392
95441
95413
144904
95405
95394
95412
95397
95414
95404
95417
95406
95410
95395
95411
95372
95401
95373
95422
95444
95438
95424
95453
95446
95437
95440
95420
95439
95425
95421
95436
95423
95445
95443
95426
95462
95449
95454
95473
95474
95478
95434
95460
95435
95433
95447
95427
95455
95429
95475
95461
95428
95459
95472
95431
95457
95476
95450
95469
95456
95430
95432
95493
95452
95470
95471
95448
95458
95451
240513
95495
95494
95465
95479
95480
95467
95463
95464
95505
95497
95539
95496
95482
95512
95504
95481
95498
95466
95483
95506
95510
95500
95520
95509
95508
95488
95490
240515
95532
95513
95499
95486
95517
95522
95519
95503
95515
206415
95485
95531
95516
95491
95484
95514
95502
95487
190068
95501
95521
95511
95518
95541
95533
95528
95537
95558
95526
95527
95560
95536
95525
95540
95570
95544
95594
95523
95542
95535
95567
95524
95559
95529
95566
95557
95561
95534
95543
95538
95556
95555
95562
95545
95530
95579
95565
95553
95546
95564
95595
95571
95596
95575
95550
95563
95572
95580
95599
95569
95601
95600
95598
95552
95583
95597
95581
95658
95568
95547
95551
95549
95577
95548
95582
95574
95576
95584
190070
95591
95624
95586
95613
95587
209841
95611
95602
95585
95617
95625
95622
206426
95590
95592
95588
95614
95615
95616
95589
213567
95612
95610
95623
95603
95604
95626
95609
95639
95620
95606
212055
95619
95651
95608
95628
95635
95618
95634
95631
95621
95636
95607
95605
95632
95633
95627
212047
95630
95638
95643
95649
95648
95655
95662
95657
95656
95645
95641
95642
95644
95652
95650
212067
212069
95646
95675
95653
95781
95780
95674
95670
95665
95664
95684
95680
212093
212063
95677
95708
212077
95683
95666
95679
95673
95667
95676
95671
203749
95682
95681
95672
135759
95668
95573
95704
95694
212029
212091
95685
95706
212013
95712
95695
95698
212061
95689
95697
95710
95687
95709
159435
212039
95705
95703
95701
95702
95700
95691
95696
95707
212037
212041
95718
95717
95729
95736
95730
95725
95714
95726
95719
212045
95731
95720
95735
95724
95732
95715
95733
95727
142157
95723
95728
95721
95737
95722
95739
240517
95740
95741
95742
165018
95887
95795
95775
95757
95761
95758
95779
95800
95745
159297
95753
95751
95774
95755
95750
95752
95778
95776
95747
95744
95754
95762
95746
95748
95756
95771
95772
95773
95759
95749
95760
95783
95782
95786
95804
95807
95796
212089
95792
95799
95785
95768
95765
95766
95787
95803
95798
144647
95801
95806
95802
95769
95797
95770
95793
95764
95808
95788
189073
95789
95784
95809
95763
95767
95805
95790
95794
95838
212087
95818
212051
95889
95855
95815
212025
95830
95833
95834
95888
95829
212033
95832
95827
95845
95823
95825
95812
212035
240519
212023
212027
95819
95835
95854
95824
95820
95890
212057
95826
