105962
157497
105876
105879
105878
105896
105871
105870
105898
105873
105901
105850
149612
105885
105899
105905
105902
105936
105964
105903
105934
105937
105941
105940
105938
105904
165273
105965
140783
105939
105963
106123
208418
105999
105914
105956
105929
105943
105951
105971
105916
105958
105917
105926
105968
105954
105935
105947
163331
105953
105908
105918
105966
105973
105909
105913
127215
105927
105925
105945
105957
105960
105928
105972
105930
105924
105921
105961
105967
105970
105915
105948
105942
105944
125433
105932
105952
105923
105922
105949
105911
105919
105950
105912
105910
105946
105955
105959
139268
106125
106126
106035
105992
106029
106003
106027
106025
106028
166425
105991
106024
106002
106000
105976
106067
106001
106004
106101
106006
106068
106017
106010
106061
106013
145597
106043
106041
106021
105981
105984
106009
106016
106034
106033
106031
105997
105996
106062
106040
106102
105998
106008
106039
105978
106005
223557
106490
106018
145186
105988
106022
189226
105979
105983
106011
105982
106012
106037
105986
106036
106030
106032
106042
105987
106007
106019
105993
106020
145207
106014
106038
105980
105994
160771
189225
106023
105989
106104
106077
106080
106045
129615
106047
106044
106073
106071
106074
106079
203921
144125
106106
106070
106107
106063
106140
106105
106072
223561
106057
106097
106095
106059
106150
106050
106113
223559
106060
106052
106087
106055
106108
165231
106082
106128
165258
189227
159189
106099
106051
106090
106141
106098
220439
106083
106058
106139
106109
106084
106085
106086
106094
106091
106088
106049
106065
106096
106089
106092
106111
141096
106064
106112
106081
106048
106100
106129
106491
106149
106137
106142
106145
106134
106132
106152
106138
164413
106135
106143
106136
106148
106153
106130
106146
106151
106131
106147
106144
106492
106185
106218
106228
106208
106207
106175
106217
106202
165274
106176
106173
106159
106230
106171
106190
106189
106226
125434
106224
106191
106219
106225
106160
106161
106203
106186
106227
106204
106192
106174
106206
106187
106154
106188
106231
106220
157351
106232
106177
228139
106222
164496
106221
106229
106493
106162
106236
106210
106165
106305
106215
106196
106181
106233
106201
106164
106166
106195
106167
106182
106214
106237
106183
106194
106178
125345
106212
106168
106209
106170
106180
106163
106199
106169
161271
106179
106200
106198
106193
106235
106213
106216
106184
106211
106312
106280
106306
106281
106277
106291
106267
106262
106330
106261
106263
106369
106329
106266
106308
106264
106289
106238
106265
140465
106276
106309
106307
106368
106310
106292
106279
209204
106311
219141
106296
106255
106285
106302
106249
106319
106273
106247
106242
106286
164715
106258
106332
106239
106316
106287
106325
106324
106317
106257
106300
106272
106303
106283
106322
106260
106295
159266
106314
106331
106254
106327
106250
106326
106245
106293
106243
106328
106301
106282
106248
128182
106271
106304
106240
106284
106323
106251
106246
148713
106299
106321
106297
106244
106241
106294
106252
106318
106256
106313
106320
106268
106274
106270
106269
106288
106494
107929
106336
106337
106408
106335
106373
106364
106362
106386
106334
106370
106333
106383
106385
106361
106363
106404
106409
163124
106406
106384
106338
106371
106403
106374
106407
106405
106358
106399
106378
106420
106396
106418
106365
106342
147296
106495
106397
106382
106416
106379
106388
106389
106377
106344
106423
106411
106414
106393
106346
106367
106348
106413
106340
106422
106421
106366
106355
106398
106339
106354
106496
106419
106395
106352
106345
106349
106391
106350
106341
106387
106424
106402
158831
106343
106394
106359
106415
106400
237215
106401
106360
106410
106380
166991
106356
106357
106353
106412
106390
106376
106417
106392
106593
106711
106428
106432
106427
106465
106433
106430
106426
106479
106466
106448
106290
106467
106464
106450
106431
106478
106434
164594
106457
106429
106477
167912
106481
106449
106468
106460
106446
106455
106469
106480
106476
106440
106475
106483
106437
106439
106487
189230
106459
106453
106486
148073
106485
189229
106461
106444
106471
106441
106463
106454
106470
106462
106447
106438
106452
106484
106442
106436
106474
106458
106451
106473
106456
106489
106443
106472
106601
143865
106497
106533
106525
106558
106556
106532
106519
106499
106555
106557
106535
106534
106500
106498
106526
106524
106527
106531
150192
106713
106540
106548
189233
189232
106520
106550
106716
106561
106538
106545
106516
106512
106513
106505
106719
106717
106537
106522
189231
106502
106567
106547
106518
106508
106549
141185
106501
106504
106718
106506
106553
106544
106715
106529
106539
106541
106528
106570
106510
106503
106546
106714
106542
144650
106507
106566
106552
106568
106521
106559
106564
106560
106563
106543
106509
106569
106523
138904
106536
106551
106720
106721
106722
106631
106603
106627
106596
106597
106632
106615
106623
106573
106624
106616
166939
106576
106724
106626
106583
106613
106574
106606
106605
106575
106614
106725
106726
106580
106578
106611
106625
106634
106609
106571
147592
106584
106595
106610
106633
106608
106579
106622
106635
106582
106636
106612
125476
125354
106630
106602
106594
106629
106628
106598
106581
106572
106641
152871
150247
106586
106620
106592
106591
106590
106600
106618
106619
106588
106585
106599
106589
106639
106587
106607
106640
106645
106646
106701
158953
106650
106642
106703
106644
106680
106667
106698
106671
106652
106681
106697
106672
106669
106653
106670
106696
106699
106695
106700
106647
106649
106702
106643
106678
106727
106648
106679
106704
106654
106655
106658
106673
106707
106688
106709
164592
189234
212547
106693
106687
106666
106657
106661
106706
106668
106694
106683
106692
130704
106660
106686
106665
106651
106708
106682
106684
106663
106689
106675
228765
106705
106659
106710
106690
106664
106691
106754
106868
106780
106740
106760
106786
106734
106736
106781
106731
106788
106756
106729
106770
106772
106755
106789
106784
106761
106759
106748
139253
106782
106732
106771
106769
106773
106790
106783
106787
106757
106730
106728
106737
106735
106775
106774
106758
106749
106739
106738
106753
106750
106777
106751
106792
106766
106742
106763
106747
106765
106762
106764
106767
106779
138888
141205
106768
106791
106776
106752
106733
106741
106746
106778
106793
106743
234535
106795
106813
106797
106844
106807
106836
106810
106811
106808
106827
106845
106859
106825
106837
106831
106812
106839
106855
106856
106826
106828
106838
106832
106802
106798
106860
106803
106805
106801
106846
106847
106835
106804
106815
106833
106834
106849
106857
106796
106843
106809
106858
106848
106861
106806
164494
106850
147733
165678
138996
189255
106852
106824
106854
106819
106829
106823
106866
106822
106820
106817
106841
106840
106865
106853
106864
106913
106818
106842
106816
106862
106863
106830
106867
106851
106952
106916
106914
106902
106874
106917
106888
106919
106890
106900
106901
106873
106891
106870
139744
106871
106887
106872
106915
106903
106878
106893
106906
106910
106926
106876
106892
106909
106896
106898
106877
106920
106904
106894
106897
106925
106895
106883
106923
106924
106922
106882
106879
106886
106875
106889
106881
106885
106907
106880
106911
106921
106905
106908
227943
106899
107011
106968
106936
106982
106981
106973
106970
106934
106986
106930
106963
107012
106932
106928
107007
106971
106937
107008
106984
107010
106935
106972
144424
189256
107009
106933
106969
106985
106929
106931
106987
106958
106961
106954
106975
106993
106967
106976
165960
106980
106948
107014
106960
106998
106989
204213
106997
106941
106953
106940
107002
107003
128169
106978
106950
107015
106977
106994
106965
107005
107022
106947
106959
106946
106979
106990
106992
106949
107020
106974
106944
106939
107019
106995
106999
106996
107004
106956
107017
107016
106991
106943
107018
106945
106957
107006
107000
106988
107021
106966
106942
106951
107001
106962
106938
107146
107057
107072
107082
107024
107023
107058
107147
107067
107025
107031
107083
107079
107049
107029
107061
107027
107043
107060
107059
107066
107062
107064
107052
107071
107044
107046
107070
107038
107063
107032
107080
107041
107050
107081
107026
140784
107069
107065
107047
107051
107042
107053
107048
107040
107068
107034
107055
107086
107033
107085
107073
107035
107039
107077
107075
107084
189257
107074
107037
107076
107036
189259
107056
107104
107089
107110
107127
107132
107113
107129
107096
107139
107111
107098
107100
107099
107119
107112
107131
107118
107137
107135
107130
107087
107093
107121
107128
107115
107107
107136
107108
107106
107134
107138
107088
107105
107120
107117
107133
107114
107097
107116
107124
107095
107140
107142
107102
140604
107091
107126
107125
107122
107101
107109
107141
107123
107090
107143
107103
107094
107145
107092
107148
107149
107236
107154
107164
107168
107161
107169
107177
107174
107175
107178
192932
107163
107162
107176
107182
107166
107173
107181
107183
107159
192933
141690
107171
107165
107184
107151
146553
107185
107153
107155
107158
107179
107157
107160
107180
107186
107167
107172
107152
107156
107237
107208
107209
107238
107225
209142
107223
107187
107220
107200
107222
107210
107221
107226
107744
107198
107212
107218
107191
107228
107216
107232
142022
158954
107204
107234
107235
107195
107188
107211
165007
107206
107202
107207
107205
107196
107197
107230
107217
107194
107203
107199
107201
107215
205356
137765
107190
141809
107233
166534
107231
107239
107249
107261
107262
107242
107240
107258
107260
107257
107264
107244
107263
107241
107265
107266
107256
107248
107243
107255
107857
107253
107271
107267
135641
107246
107247
107251
107259
107269
107268
107254
107245
107252
107250
107870
107307
107291
107343
107329
107292
107280
107336
107349
107339
107294
107316
107328
107334
107351
107296
107332
107298
107305
107310
107317
107275
165893
107313
107276
107274
107385
107297
107338
107273
107309
107348
107340
107337
107327
107293
168233
107357
107345
107312
107277
107344
107299
107308
107346
107290
107314
107333
107304
107335
107272
107350
107342
107341
107306
107289
107315
107331
107278
107311
107295
189309
107288
107283
107358
107284
107353
107356
107286
107352
107318
107323
107287
209174
107326
209250
107303
107325
107319
107301
107282
107285
107354
107360
107281
107355
107322
107324
107359
107320
139227
107321
107302
107381
107424
107427
107383
107426
107362
107402
107407
107404
107379
107400
107386
107401
107425
107406
107384
107382
107387
107423
107376
107403
107405
107380
142126
135600
148078
107411
107431
107408
107366
203952
107364
219145
107428
107373
107392
107410
107433
107393
107391
107434
107437
107435
107395
107409
107432
107394
107368
107438
107389
107388
107412
107436
107365
189263
107367
107372
107377
107445
107417
107396
107444
107441
107416
107447
125457
107418
107443
107378
107414
107415
107450
107419
107449
107398
107452
107448
107399
107451
107413
107453
107442
107421
107420
107370
107446
107454
107369
107455
107440
107397
107456
107457
107531
164495
107533
107470
107466
107513
107517
107459
107464
107467
107505
210315
107469
107511
107515
107527
107462
107529
107516
107506
107528
107536
107502
107460
107535
107532
107501
107468
107458
107510
189265
107507
107500
107508
107509
107530
189268
107514
107512
107534
209187
189266
107518
107540
189269
107504
189271
189273
107872
107503
107472
107539
189270
107538
107537
107471
107473
107474
107477
107489
107523
107475
107542
107479
107549
107482
107496
107495
107522
107488
164414
107541
189298
107481
209242
189297
107524
107483
107486
189264
189301
189299
189300
107546
107487
107544
189303
107484
107492
107494
107480
209873
107525
189296
107548
107526
189295
107520
107519
107485
107491
189302
107545
107478
107521
107547
189272
107463
107490
107543
107497
107498
107954
107569
107639
107575
107630
107579
107578
107582
107570
107629
107573
107638
107637
107628
107656
125414
107572
107571
168491
107585
107655
107577
107583
107627
107581
107580
107576
107584
107586
107609
107604
107662
107658
107599
107592
107647
107645
107651
107600
107616
107632
107612
107664
107654
147172
107663
140747
107615
107642
107620
107643
107660
107593
107640
125413
107636
189304
107601
107589
107617
107667
107626
107646
107602
107644
107595
107635
107633
167172
107641
107653
107673
107610
107648
107625
107669
161091
107622
107597
107606
107587
107624
107671
107674
107613
107608
107650
107591
107598
107603
107618
107588
107661
107649
107596
196526
107652
107623
107631
107634
107611
154834
107675
107614
107590
107666
107668
107670
107873
107731
107688
107749
223563
107678
107685
107763
107687
107677
107764
107682
107748
107683
107681
107761
107689
107680
107747
107679
107746
107732
107733
107684
107765
107676
107730
107686
107722
107729
107762
107725
107775
107721
107779
107750
107769
107771
107728
107716
148531
107715
130705
107781
107759
107694
107772
107705
107774
107738
107703
107743
107699
107726
107735
107777
107780
107712
107755
107711
107745
107702
107718
107773
107767
107739
107720
107756
107698
107692
107737
107776
107766
107753
206302
107710
107754
107690
107723
107751
163352
107757
107758
107704
107708
107706
107736
107741
107717
107697
107700
107740
107760
107707
107709
107770
107727
107695
107724
107768
107778
107742
107696
107701
107782
189305
107875
107874
106223
107972
192930
107928
107788
107790
107794
107859
107797
107848
107974
107840
107852
107850
107784
107796
189306
107849
107785
107787
107853
107829
107838
158793
205355
107792
160931
107851
107798
107837
107847
168369
107783
107973
107791
107795
107839
107956
107833
107804
107836
107855
107865
107819
107817
107824
107869
107846
107832
107810
107815
107803
107861
107813
107862
107825
107812
107867
107863
145611
107976
107821
107826
107868
107841
107811
107860
107856
107800
107814
107807
107816
107864
107845
107828
107823
107975
107844
107827
107806
107822
107866
107805
189307
107843
107830
107820
107834
107842
189308
107801
107809
107854
107802
107831
107957
107923
107930
189310
107891
107959
107878
107919
107924
107931
107879
107939
107882
107933
107880
107958
107884
107885
107892
107941
107938
107876
107940
107922
107937
107890
107886
107881
107889
107925
107888
107913
107946
107936
107912
107914
107899
107967
107947
147271
107915
107893
107944
107904
107896
107895
107908
107905
107948
107934
107916
107960
107907
107965
107901
107951
107964
107945
107921
147713
107970
107920
107950
147698
107910
107942
107935
107927
107902
107949
107968
107943
107969
107903
107898
107917
107918
107906
107900
107962
107961
107966
107926
107911
107952
107963
125174
107977
108040
224073
107984
108018
107991
108033
107980
108014
107989
108031
107993
107978
107985
107995
107994
107979
108032
107986
108041
149152
107992
107990
108030
108044
107983
107987
108019
107981
129616
107988
108012
108020
108026
108039
107999
108003
108015
107997
108027
108037
108047
108007
108050
108024
107998
108002
108038
108021
108028
108036
108052
108051
108010
108005
108023
108022
108053
108001
108004
144728
108025
108013
108017
108043
108008
108000
108011
108016
108034
108006
108035
108045
108009
108048
108046
108118
108119
108120
224075
108086
108060
108059
108094
108093
165311
108054
108058
108081
204206
108092
108079
108107
108110
108087
108083
108061
108108
108085
108095
108109
108057
108082
108084
108091
108055
108078
108068
108076
108111
108100
108077
108090
108103
108062
108116
108072
108067
108114
108105
205354
108088
108096
108064
108097
108066
108101
108098
108099
108074
108075
108069
108112
108073
108104
108065
108089
108102
108071
108063
108115
108070
108121
108255
228107
108254
108168
108150
108167
108125
108131
108151
108127
108163
108124
108169
108129
108126
108123
108130
166938
108128
108148
108256
108171
108177
108138
108136
108143
108137
108142
108158
145045
108135
108155
108162
108145
108146
108147
108164
108144
108134
108154
108132
108160
108157
108159
108140
108173
108156
108174
108152
108149
108139
108165
108175
108141
108176
108172
108153
108257
108178
108185
108220
108180
108194
108190
108188
108184
228259
108229
108231
108186
108221
108217
108222
108193
108181
108189
108187
108191
108183
108230
204205
108227
108228
108179
108182
108236
108207
108211
108248
108202
108201
108200
108239
108213
108252
140764
108250
108197
108224
108246
108251
108232
108196
108203
108244
108234
108247
108210
108216
108219
108223
108214
108206
108205
108212
108241
108215
108209
108249
108245
108208
108198
108199
108225
108253
108238
108240
108235
108218
108204
108237
108242
108258
125415
108300
108307
108294
108261
108282
108284
108260
108262
144404
108263
108285
108301
108293
108289
108259
108290
108283
108302
108295
108268
108278
108298
108297
108303
108299
108304
108275
108281
108270
108266
108291
108269
108305
108267
108292
108280
108273
108286
108265
108277
108296
108279
108274
108288
108271
108306
108272
108276
108394
108308
108309
108313
108367
108356
108363
108319
108355
201254
108377
108318
108312
108379
108315
108321
108366
200576
108310
166937
108376
108378
108314
108320
108354
108316
108343
108380
108386
108322
108345
108348
108389
108340
108350
108330
108344
108372
108333
108381
108374
108327
108349
108341
108370
108334
108357
108373
108323
108375
108387
108325
108390
201253
108332
108347
108382
108346
108391
108369
108383
108339
108362
108342
108371
108359
108361
108326
108388
108358
108351
108385
108336
108324
108328
108392
108384
108338
108337
108331
108364
108365
108434
108360
108368
147715
157171
108393
108353
209743
108433
108566
108414
108444
108410
108396
108399
108413
108443
108397
108407
108451
108398
108447
108457
108455
108442
108402
108405
108401
108453
108403
108411
108409
108436
125435
108435
108456
108459
108445
108406
108458
189313
108417
108437
108404
108395
130706
108438
108415
108446
108408
108952
108432
140178
160036
108423
108439
108422
108429
108454
108424
108427
108431
108419
108428
108460
108430
108440
108418
108448
108426
108450
108421
108441
108449
108567
108568
108569
108570
108547
108518
108469
108560
108559
108479
108520
108471
108522
108485
145316
108540
108531
108475
108510
108476
108517
108467
108558
108532
108519
108555
108513
108472
108486
108541
108461
108539
108465
163122
108535
108514
140466
108550
108487
108548
108482
108483
108561
108484
108474
108556
108478
108477
108557
108489
108529
148311
135642
108491
108462
108534
108470
108562
108536
108553
108473
108480
108468
108537
108571
108488
108516
169532
167575
108554
108490
228111
108533
108464
108511
108530
108523
108524
108544
108501
108506
108497
108492
108545
108499
108574
108543
108500
108572
108515
108498
108503
108563
108526
108527
108525
108504
108509
108493
108502
108546
108505
108496
108507
108573
189314
108494
108542
108400
142023
108575
205353
108528
108617
108565
108734
108620
108587
108644
205350
108619
108648
108581
204870
108590
205351
108580
108585
108577
108586
108643
108589
108642
108647
108588
108645
205349
207514
205347
108613
108646
108583
108582
108584
108578
205352
205346
205348
205328
108599
108616
205335
108595
108653
108593
205337
205343
108598
108622
108655
108626
205336
205333
108596
205334
205338
205345
108594
205339
205325
205332
205341
108650
108652
108597
205331
205344
204852
148077
205330
205329
108602
204841
108654
108591
108651
205342
205327
108641
108627
108592
108649
205324
205340
205326
205322
205323
205321
108758
108659
108661
108660
205315
108716
205319
205320
205316
108735
108736
189950
205318
205317
159306
205277
205287
205300
205305
205302
205313
201252
108726
108745
205276
205286
205290
205295
205299
205312
108685
108732
204799
108741
108749
108750
205303
205314
205298
108751
108671
108670
205280
205288
205301
205304
108699
108740
205294
205278
205310
205291
108754
108711
108706
108665
108724
205306
205282
205293
205284
108678
108691
108709
108739
108752
108677
108700
108746
205274
205283
205311
205307
205308
108693
108701
205281
205285
205279
205296
205309
108747
108748
204840
205289
205297
108713
108743
108753
108742
204809
108696
108738
192920
205292
205275
205273
108816
205268
205250
205259
108818
204832
108827
205255
205253
108814
205248
108792
108793
108825
204869
204868
128183
108815
108826
108821
205270
205266
108807
108813
108782
205256
205271
205262
108824
205252
205264
205251
108789
205263
204831
205261
108819
205249
205269
108822
205257
204867
204802
204808
205272
205260
205254
108817
205265
108820
108823
205267
205258
204798
108810
205239
205241
205238
147255
108788
205246
205240
205243
205244
108811
108829
108828
205247
205242
205245
108830
108865
108839
108891
205232
205235
108840
205234
205222
108889
125458
108895
108894
205230
204796
205225
205227
204830
108866
205223
205237
108893
108871
108892
108886
205236
108888
108890
205228
205233
205218
205229
205219
205220
205231
227941
205226
108880
205224
204797
205221
205217
205214
192922
108850
205207
108859
205205
108898
108869
108856
108857
205213
204846
204847
108854
108878
108897
205203
108896
205209
205208
205215
108933
205204
205216
205210
204859
205212
205211
205206
205198
204827
108957
205201
108934
205188
205193
205195
108904
108939
108900
108953
205199
205194
108917
108954
205189
205196
205200
108947
108913
205191
205197
108956
108955
205187
205190
205192
108905
205202
108960
108936
205178
205186
205180
205179
108919
108935
204794
124691
108942
108949
108930
204795
108948
205176
204851
205181
108958
108950
204813
205185
204793
205177
205182
205183
205184
204822
205169
205172
205166
205160
109013
109005
109015
205159
205170
109017
164716
205168
205173
223565
109014
205163
205158
108999
205171
204855
205162
109007
205165
109018
108962
205164
109019
109002
205175
108997
205167
204866
109016
205174
204792
205161
108979
108972
109021
204805
108995
205153
204790
109022
164704
204791
108992
205147
205157
205151
109004
205156
109012
205155
205150
109010
205154
205149
109020
205148
205152
205141
205143
192925
205142
205146
109061
204803
109076
109077
205144
205145
109069
204845
109060
204807
109084
204854
205121
109063
204843
205130
204801
205132
205120
205123
109078
205126
205116
205127
205135
109032
204819
205137
205138
109083
205124
204821
109073
109059
205117
109124
205129
205134
205136
204812
205139
109068
205125
109080
109295
205122
205118
109082
204811
205131
109079
205128
205115
109072
109081
109035
205133
205140
205119
109127
205113
205112
205114
205107
109109
205105
109132
204789
205103
205111
205090
205095
205089
205096
205092
205106
204842
164705
205091
109117
109114
109135
205110
109250
205109
109089
205093
109136
109134
205099
109098
109110
205094
109108
109121
205102
109131
109133
109090
165479
205104
109129
205097
205101
204829
205098
109120
109130
204833
205108
205100
205066
109175
205069
205075
204826
204834
205068
205060
205064
205065
109196
205071
109188
205082
109192
109140
109193
205072
109191
205067
205087
205080
205073
205078
109189
205086
205081
109186
109173
205083
109194
205088
205074
205061
205084
109187
204850
205063
205079
205085
205076
109195
205062
204810
109179
109155
109154
205077
109190
205070
109201
109198
109199
204865
109202
109185
204837
109163
204839
109197
109200
109167
205058
204804
205059
205057
205049
205036
109215
109244
205033
109229
109254
109255
205034
205043
109206
204788
109243
109238
109217
205054
234533
109203
205052
205038
205045
204856
109242
205042
204838
205048
205046
109252
205047
205050
109257
205039
204864
204857
109237
204849
204858
205041
204787
109211
205056
205055
205035
205037
205044
109241
109235
205053
209887
109256
109248
205040
205051
205014
205024
204828
204863
109326
204844
109272
205013
109331
205031
205019
109273
205025
128058
109333
205017
205022
109335
205018
109332
109330
205028
205026
204786
109312
205023
205027
205029
205016
205030
109334
205032
109277
109274
109300
205020
205015
204806
204785
205021
109342
205009
109286
109340
204994
109302
204824
204993
205012
204996
204995
223567
109341
109279
205002
204999
205001
109291
204998
204784
109304
204836
204862
205007
109292
205003
164706
109317
205011
205008
109343
109338
204861
204992
205000
205006
205005
109329
192929
109284
109321
109339
109337
205004
204997
205010
204974
109402
204976
204981
109406
109401
204853
204985
204984
204979
109353
204983
204978
109403
209835
109371
204977
204986
204989
204990
109408
109385
204975
109374
109409
204991
201251
109373
204860
204987
204820
204848
204825
109395
109411
109410
109412
109400
204982
204980
204835
204972
109351
204973
109407
109356
109405
109404
204988
204969
204970
204962
204967
204800
109414
204971
204961
204965
204966
109379
109367
161191
109415
109413
204964
204968
204823
109363
109389
204963
109391
109392
109416
192934
204176
121072
121119
204179
204167
121073
204177
204030
204174
204180
204168
121069
204170
204172
121074
121071
204178
204182
204175
192936
121113
204171
121076
204181
121070
145317
204173
121068
204183
121075
204169
121107
121067
192937
189392
204136
204150
204157
204158
204139
204141
204138
204152
189396
189400
189401
121134
204149
204143
192939
189402
204131
204147
204142
204146
204156
204166
204161
204134
204129
204133
192940
204163
204159
189399
204135
204155
204162
180984
189390
209135
204153
204130
204145
204148
204137
204154
204164
204132
204144
121110
209167
201250
204160
204151
204140
204165
204128
209193
204127
204126
204125
121167
121162
121166
121160
204122
204123
121168
121209
204119
204047
204120
121211
121246
204073
121212
204124
121194
204036
121208
121231
121245
204121
204061
204069
204116
121249
121195
121172
204054
203996
121207
121203
121201
203920
204062
204071
204110
204043
204051
204052
121251
201249
204117
121250
121180
121259
204079
204010
204070
204068
204038
204022
204029
204108
121200
201248
204032
121257
204067
204081
204004
204015
204021
121179
204107
121255
204114
121190
121176
121196
204060
121205
204009
204066
204112
204111
204078
203995
204109
204115
204020
121202
121252
121253
204105
204118
121248
121254
121197
204053
204072
204106
204055
121247
121256
204046
121223
204080
204001
121204
204113
121227
121258
121182
189410
204008
203929
204035
204048
204077
204019
204014
159275
189411
189408
189435
189407
121308
204057
204040
203928
204003
204037
189404
189442
204058
204042
203994
189434
189437
189443
189444
204064
121307
203992
204018
204050
189438
189439
204026
204034
204059
203997
204027
203991
203930
204006
204044
121277
189406
189436
189441
204007
121324
204045
204041
189405
204033
203993
204065
204005
204049
189433
189412
189440
204056
204076
204075
204039
204011
204023
189409
203999
204002
204017
204031
203998
204063
204024
204028
189446
121311
204000
204074
203927
203926
204025
204012
204013
201247
189445
203925
189447
204104
204016
204097
121355
203698
204101
121381
204094
203697
121378
204102
204083
211693
203704
204096
204089
204103
121404
121389
121407
204090
204093
121395
204086
204087
204098
121402
121411
121409
204088
204085
204099
121356
121371
121377
121368
121403
203923
203702
204095
121382
121396
121380
121372
203699
121405
204091
204100
204082
121383
121391
121408
204084
121406
121410
121354
203924
204092
121387
203701
203696
203703
223597
121448
203678
203692
121438
203677
203672
203685
203689
189452
203668
121437
203674
121440
192887
189450
203681
203690
192883
203683
203684
121436
203676
203679
203669
121442
203691
203686
203675
189449
203671
203680
203670
203693
121441
203688
203695
203673
121412
203687
189451
203694
121433
203682
209149
192889
203666
203667
203665
121696
203661
203663
203662
203659
203658
121500
203657
203655
203653
121464
203664
192898
192900
203660
192897
121498
203656
203654
203638
121492
203642
167571
121502
203629
203640
203625
203634
203622
203636
203624
203621
192916
192902
203646
203649
203637
203635
203627
203648
192904
203626
203620
121493
203652
192908
203633
203643
203644
203645
203650
203639
121509
203641
121495
192910
192896
203651
203623
203647
203632
121496
121512
203630
192917
192914
192894
192907
203631
203628
203619
203618
203616
203617
121701
121702
203615
121605
203600
121540
121551
203586
203590
203594
203610
203613
203612
121545
203582
203597
203589
239051
121576
203584
203581
121572
121607
203596
203588
203608
121530
203609
203614
203605
121611
203592
203591
203595
121609
203593
203604
203587
203607
203585
121610
239049
203601
203611
121604
121608
203598
121546
239053
203599
203583
203603
203580
203579
121574
203578
203566
203561
203557
203570
203560
203556
121612
203575
203563
203573
203571
203567
239047
203564
203555
209853
203577
121586
121587
121554
121613
203565
121560
203558
203572
203568
203576
239045
121562
121567
203562
203574
203559
121652
203524
239041
203527
203541
239043
121650
203535
121631
203554
203533
121634
121658
203542
239037
121628
203530
203538
203553
121632
203531
121654
121664
121683
203544
203546
203537
121687
203540
203548
239039
121684
121630
203550
203526
203552
121685
121657
121618
203532
121671
203547
203539
203536
121614
203545
121655
203543
203551
121674
203534
203529
203523
203549
203522
203514
203521
121691
203506
203510
121690
203513
203505
203517
203519
121688
203511
203520
203518
203515
181083
203508
203507
203512
121689
203509
203516
121703
203504
203503
203502
203496
121765
203480
203492
203479
203500
203486
203493
203488
203501
121768
203481
203491
121754
121764
203483
228257
203499
203482
239035
121763
203494
121741
203485
121724
203498
203495
203487
203484
121727
203497
121762
121723
203490
192923
203477
203489
121761
203478
203476
121707
121735
203471
203473
203467
203468
121770
239033
145672
203466
203469
189591
203462
223595
203460
121769
121752
203464
203461
203463
203475
121732
203474
121747
203465
203459
122199
203453
121827
203456
203454
121773
145545
203458
203455
203448
121810
121801
203452
121811
203457
121821
203451
203449
203450
203435
121808
121832
203439
203438
203425
203433
121806
121826
121835
121836
121829
203446
203426
121805
203443
203436
203445
121837
203422
203442
203431
121814
203428
203441
203440
203427
203432
121830
121834
203429
121802
121831
203430
203434
203447
121824
121807
203423
203424
203437
203444
121800
121823
121782
121838
121833
121851
203403
203414
203421
121891
203420
189593
203401
203415
203418
203402
203411
203404
203416
203408
189595
203413
203409
203405
189594
203406
203417
203419
189596
203412
121906
189592
203407
203410
189603
189600
203355
203383
203389
203388
203359
189598
203400
203366
203379
203395
122200
203370
203378
203381
121900
121888
203369
203392
203368
203399
203390
203362
203397
203385
203361
189601
203363
203380
203384
203357
189597
203360
203358
203371
203374
203391
203387
203375
203398
121896
203356
189602
189605
203396
203393
203367
203382
203386
203364
203376
189604
203377
203365
203373
189599
203372
203394
203354
122015
201246
203353
121966
122004
203343
203336
121935
203339
121963
141106
203351
203349
121932
121934
122000
203352
121929
121999
203346
203344
203348
122001
203340
203342
121971
121927
121998
203345
203347
203338
122003
203335
203341
203337
203350
121933
203331
121962
121958
203316
203315
203314
121945
203326
121978
121951
203311
203330
121977
121970
203325
121947
203324
201245
201243
201244
122010
203312
203332
203333
121988
122013
203319
121995
203313
203323
203322
235905
203320
121968
203317
158933
121969
203328
121955
122005
121984
121959
203329
203919
122012
203334
122008
122011
203321
203318
203327
122006
121990
122014
122009
122007
203310
203300
203302
122086
203297
122204
122073
122087
203308
203301
203299
203304
203303
122088
203305
203309
203307
203298
203306
122049
122065
149155
122089
203280
122091
122045
122026
203292
203279
203285
122028
122050
203260
203271
203290
203261
203262
203283
203287
203286
122035
203270
203273
203291
203277
203274
203282
203293
203272
122052
203256
203266
203281
203275
122070
122029
122061
203276
203284
203269
122081
122069
122090
203264
203296
203288
203267
122077
203258
203268
203278
203265
203263
203289
203294
122044
203257
203259
203295
203232
189631
203245
203254
203234
122205
203229
203255
189610
203243
203253
122131
203236
203248
203251
189632
203252
203231
203250
203238
203241
203246
189609
203235
203230
203242
189633
203239
203233
203237
203249
203240
203247
203244
189638
189636
203208
189640
189634
203217
203216
203209
203225
203213
203228
189607
189637
203214
203218
122157
189635
189608
203220
203223
203227
203210
203226
203201
203207
203211
203212
203202
122133
203215
203204
122146
164718
189639
203222
203203
203206
203224
203219
203205
203221
203200
122288
122206
122223
203190
122210
203191
122176
122215
122222
203198
122175
203189
203192
203188
203185
203194
209915
203178
203187
203196
203195
203184
203182
203193
122221
203186
122185
122202
203181
203180
203197
203179
203199
203183
203177
203176
203171
122225
203168
203167
203174
203173
203175
122190
203172
203169
142146
203170
122189
122191
122224
203166
203165
203138
122245
203163
122290
159311
203144
122250
122248
203152
203155
203141
122293
203153
122291
203158
203147
203149
122284
122281
122271
122285
122228
122294
203142
122263
203148
203161
122296
203146
122236
122295
122240
203160
122274
203154
122282
203159
122232
203162
203157
203139
203150
203156
203140
203145
122292
122272
122289
122283
203143
203151
203164
203137
203133
203134
203131
203130
203132
122280
122255
203129
122279
203135
122297
122268
203136
122256
122278
122266
122276
203128
203127
122382
203121
203115
122355
203123
122414
203124
203112
203119
122356
203114
203125
203117
203118
203126
203110
203122
203113
203120
203109
189644
203111
203116
203086
203091
203075
203100
203080
203094
122326
203070
122340
203085
203076
203087
203079
122347
203102
203074
203093
189645
122339
203067
203072
203082
203101
203081
203095
203105
189648
203092
122367
203068
189646
203099
203084
203069
203077
122348
189647
203096
203097
203089
203065
203107
203108
203078
227939
203103
203071
122365
203104
203066
203088
203090
203073
203106
122346
203083
203098
122364
122298
202965
122413
202962
203054
122418
203059
202956
203056
122442
202963
203060
203050
203064
202957
202960
202961
202959
122443
203052
122420
203057
202964
203062
122429
203061
203058
203063
203053
202958
122430
203051
203055
202946
202926
189649
203048
202945
202949
202943
202931
202939
122447
202933
203042
202925
202929
202947
202934
202944
203046
203047
189671
203043
202955
122445
203044
203045
202953
202930
202940
202937
203049
203040
122474
202952
202942
203041
202935
122411
122440
202928
202936
202951
202954
189650
202938
122401
122444
122446
122448
189673
202932
122454
202948
202950
202941
122423
202927
122425
202924
202911
122479
202914
189675
202907
202919
202905
189677
122478
189681
209186
189674
189678
122475
202918
122477
202903
202906
189679
202922
202921
189676
202910
202904
202916
202913
202909
202923
202917
202915
202908
202912
202920
209154
189758
122572
122561
202896
122574
202884
122575
202892
122567
202886
122542
202889
202880
202895
122562
202891
202900
122570
202873
202902
202877
122568
202882
202879
122573
122540
202871
202888
202883
122563
202885
122557
202887
122569
202881
122571
202890
202878
202899
202901
122566
202897
202874
202898
202872
202894
122555
122529
202870
122518
202893
202876
202875
122541
122564
122579
122578
189765
202868
202869
122577
202860
202859
202865
202862
202861
202866
122551
122534
202867
202864
202863
202856
202852
202849
202854
202858
189692
202844
163972
202853
202847
189698
189685
202846
202851
202843
202855
202850
202840
202848
189689
122630
202842
202841
202845
202857
189695
202808
202826
202838
202831
202821
202812
202809
202836
202815
202834
202824
202811
122616
189711
122617
202813
202816
202835
202822
202828
202829
202837
202827
189705
122615
202832
202839
202817
202823
122629
202833
189713
189703
202818
202820
202825
202819
209158
189701
202830
202814
202810
202807
235903
122702
122699
202792
202779
202793
189724
189715
202778
202799
202798
122711
202801
189718
202776
202804
202770
202773
202796
122712
122713
202795
209138
122701
202771
202784
202803
124683
189723
189726
202791
202781
202800
202805
202797
202786
202772
202794
122666
202777
202774
202806
202782
202789
202783
209235
189719
189722
122696
202788
202802
122714
189720
202790
202780
202787
202775
202785
189725
202751
202763
202762
202765
202767
202754
202766
189728
189716
202768
122691
202761
202760
202757
202758
189730
189729
202755
202764
202769
202752
202753
202756
189727
202759
202750
202745
202738
202732
189779
202737
202748
202739
202736
122768
202746
202741
189772
202740
202743
189774
189780
189760
202735
122785
202744
122743
202734
202733
202731
189776
202747
202749
122774
202730
202742
122777
209248
202714
202724
189782
202708
201242
202474
202722
122769
202710
189783
202725
202707
202728
202720
202709
202729
202718
189811
189786
122791
202713
122770
202705
189784
189790
202723
189781
202717
189785
202711
202727
202712
189787
122784
202706
202716
202715
189789
122794
202719
202721
202726
122793
202703
202704
202701
202702
202692
202696
122819
122893
202697
202700
122900
202699
202698
202693
122878
202695
202694
122871
202671
202686
202653
202669
122840
122825
122903
201364
202689
122894
202644
202642
202666
201241
122906
202648
202643
202690
202680
202687
202681
202661
202656
202670
202675
202676
202647
122862
122874
202684
202415
122909
202678
202688
122895
202659
202665
202650
202663
122905
202677
202664
122910
122855
122827
202652
122846
202655
202641
122832
122911
202645
202673
122907
122873
124685
202683
202649
202662
202657
202658
202679
202682
202685
122870
202654
202691
122875
145320
202646
202660
122902
202667
122901
202672
202668
122908
122904
202674
202651
147494
200596
201397
200635
201373
123917
206354
200594
201372
123951
123920
123914
123937
123910
200621
200641
123938
200666
201393
200610
200592
123916
200602
123954
201392
200631
123935
200664
200595
200593
123912
200577
200600
200599
200590
200591
123922
123945
200654
123953
123942
200622
123934
200626
123950
201363
200632
123955
123956
200653
201401
123952
123919
201381
201377
123909
123940
123944
201240
200650
123905
200615
201408
123930
201376
143226
201371
123946
201402
200652
201400
201404
123947
123907
201407
200644
200611
123904
200623
189812
201388
123927
123926
123957
200638
123958
211449
201403
200648
200605
200637
200651
200665
200661
124030
123962
123964
201385
123963
200657
200674
200649
200671
200609
200663
124029
200606
200608
124028
200642
200672
124017
124007
200659
200645
200587
200588
200658
124027
200586
200589
200647
124026
123961
200598
201386
124031
124018
200625
124010
200675
200662
124025
200601
200676
124020
124034
124004
200603
201239
124022
124035
200584
200627
123994
124006
123991
188578
200656
200634
124021
200585
200620
200613
123997
123990
200629
200640
200583
200607
124033
200673
200619
200639
124032
200646
124036
201238
201223
200614
228991
201227
201228
201225
201234
201231
200660
124142
200667
201233
201235
124139
201224
200628
228983
201237
148213
200670
200581
201218
201221
201229
229049
200580
228979
201230
200582
228995
200669
200636
201236
124140
228987
124127
159352
124116
200604
201232
124091
201219
200643
228981
124143
201222
189815
201220
124112
228985
228989
228993
201226
200624
228977
200612
201216
124108
201217
228971
200655
200618
200616
200578
200617
228973
200668
124131
200579
200597
124123
201215
228975
124210
201187
201191
201199
201192
200630
124169
201201
201205
201210
201197
201200
201173
201185
201206
201177
201209
201175
201172
201178
201203
201174
209165
201166
201188
124211
201182
124157
201195
189825
189824
189829
201212
201211
201194
201180
201193
201207
201214
201167
201198
201181
124214
124209
201179
189827
201168
201183
201176
201213
201189
201170
201202
189819
189826
201186
201196
189828
201208
189830
189821
201190
201204
201169
201184
189823
124228
204202
189820
201163
201165
201153
201150
124205
201155
201162
201147
189851
201157
201149
201151
201158
201160
124207
124206
201161
201159
189852
189854
201152
201154
201156
201164
201148
189853
124301
201145
201146
201144
189817
201138
124273
201139
124302
201142
201141
201140
228967
228969
201137
201143
124249
201136
201135
201121
124294
124283
201130
228961
186749
201127
228955
201133
201131
201124
124289
201128
124306
201132
228959
201126
201122
124281
228963
228965
124292
201125
124290
201123
201120
124291
124284
124288
228957
201134
201129
124282
124307
228953
201112
201114
228949
201108
201119
124312
201115
201111
124313
201113
201118
201110
232513
228951
201116
201117
201107
124421
201106
201084
201091
201097
201103
124317
201089
201093
189857
201094
201095
201090
189859
201104
201105
201098
201099
189858
201085
201088
124335
124336
201092
201096
201087
201100
201101
201086
201102
189860
189861
201060
201078
228931
201074
124356
201081
124375
201061
201070
201065
124386
228947
145318
201080
228935
228933
201068
124350
228945
201075
201066
201067
145319
228943
201083
201082
229047
201072
124415
228941
201063
124378
201076
201071
201062
228939
110616
124377
201069
201064
201059
228937
201073
201079
201077
201058
228919
201045
201048
124403
201041
124417
201052
201046
201050
228929
201053
201056
186750
228923
201047
201054
124392
124409
124373
228927
230385
201049
228921
201043
201042
124394
201055
201057
124406
201051
228925
201040
201032
124440
201018
189867
201029
201022
201020
201015
201024
201021
201025
201039
201028
201037
201031
189869
189866
189862
201038
201016
201026
189868
201036
201034
201019
201017
201014
124461
124460
201013
201023
201033
201012
189864
189863
201035
201027
201030
189865
189870
201007
201003
201004
124447
124466
201008
124467
201009
201002
201006
124443
201005
124456
201011
189891
189892
201010
189893
124518
201001
228917
200996
200995
201000
124523
200999
228911
228905
124509
200987
124519
200993
124510
124511
124512
228909
200990
200988
228907
200991
228913
200986
200989
200994
200992
200998
200997
228915
200985
227937
200984
200982
124504
124525
200979
228903
200980
200981
200976
200983
200975
200977
200974
200973
200978
124574
200972
200970
124581
200951
200957
124580
200959
200960
200949
124575
141294
124576
200953
124579
200968
124577
124555
189894
200955
200958
200964
200961
124578
200954
124538
200965
200947
200963
200971
200948
200966
200950
200962
200969
200956
200952
124564
200967
200940
124545
200939
200944
200942
200943
200938
200946
124583
124541
124557
200945
200941
124582
200937
200936
124558
200935
200934
145360
200932
200921
200928
200922
200930
200924
200929
124625
189895
189897
200923
200927
200931
189898
200926
200925
200933
124559
189904
200908
200886
200912
200911
200902
200893
200920
200904
124608
124626
200888
200887
200905
189906
200910
200901
124627
200909
189902
200892
200906
200890
200914
200891
189900
200918
200919
200889
200894
189901
200913
200896
200895
200915
124640
189899
200898
200916
200903
200899
200907
200897
200900
200917
189905
189903
122957
122960
202637
122964
122981
122998
201380
202634
202632
202635
202633
202636
122999
122977
122995
122923
122955
201396
202640
122997
122980
122924
202639
122962
202638
202393
201399
122963
122915
201390
122996
122961
201394
201387
122971
204214
122983
122987
201391
122936
122942
122941
122937
201366
201384
122954
122969
122948
122929
122928
192643
122968
122951
123002
201360
201367
123003
122949
123001
122976
122953
201362
201358
122973
122952
122950
122938
201375
122956
122988
122984
201406
122985
122991
122925
122943
122965
201395
122947
201369
123004
201382
122967
122933
201370
122970
122926
201379
201365
201368
201383
123005
201378
122986
123075
201964
123077
201950
201359
201957
201962
201965
123048
201953
201966
201951
123027
201946
201960
123011
143728
123076
201958
123041
201949
201374
201963
123022
201948
123050
201968
123013
201952
123058
201969
123043
123078
123051
201959
123081
123021
201954
201971
123008
189896
123080
123047
201955
201361
201398
201970
123079
201961
201947
201967
201956
125355
123065
123031
123040
201942
123028
123084
201944
123089
123087
123035
201405
201941
123071
123039
123036
123086
123083
123037
123029
201943
123030
123073
123038
123061
123032
123082
201389
123033
123069
123085
123088
201945
189907
146715
201928
201913
201908
201940
201925
201918
201919
201923
234531
123165
145543
201931
123148
201920
201916
201921
123166
123126
201911
201927
123168
123169
201910
201909
201914
123152
123096
201932
201939
123095
201933
201937
123105
123128
123130
201936
201929
201934
201930
123090
201924
201917
123167
201915
201912
201938
201922
123134
201935
201926
201904
201897
123160
123142
201898
201907
201890
123118
201892
201893
123170
201896
201900
201901
201903
201905
123173
123113
123143
123127
123125
145670
201899
123146
201906
123172
136439
123161
123162
201888
151168
201894
201895
201902
201889
123242
201882
123191
123174
123226
123211
201874
201886
123228
123182
201871
123248
123214
123244
201883
123184
123209
201870
201885
123246
123194
201873
201866
201868
201864
201867
123188
201880
201879
201878
123208
201872
123243
201884
201863
201865
201869
123181
123187
123247
123245
201875
201877
201887
123241
201876
201881
201853
123220
201854
201860
201861
123234
201850
201852
123250
123235
123206
123236
123249
123202
201857
123203
123217
201849
123207
123219
201855
201851
201859
123205
201862
201856
123221
201858
123251
201848
209913
123319
123324
123287
201841
201842
123322
123325
201845
201834
201837
201835
201836
201839
123326
123292
123321
123288
123323
201844
201838
123295
201846
123318
123320
201843
201833
201840
201828
201825
201821
123269
123314
123327
201824
201822
201823
201831
201829
201827
123312
201826
123296
201830
201820
201832
201798
123290
123275
201796
201816
201811
201812
201803
123329
201804
201815
201802
123315
201809
123303
123307
201807
201801
201805
201799
201810
201808
201819
201818
201814
201800
201817
201813
123328
201797
123279
201806
201795
123511
201794
201786
201771
201791
201759
201746
201756
201753
201768
201775
201752
123401
123386
201749
201776
189943
201780
201773
201778
123399
201770
189939
201777
201764
201757
201793
201774
201769
201781
189936
201767
201787
201758
201750
201761
201783
201790
189935
201744
201789
201779
201762
201748
201751
201754
201745
201743
201763
201792
189938
189942
201788
201765
201785
189941
201755
189940
189937
201747
201766
201782
201784
201772
123403
201760
123513
201727
201734
201741
201740
201730
201735
201728
201726
201725
201732
201731
123367
201738
189934
201736
201737
201742
201729
201739
201733
123395
123487
110626
201724
201702
123497
123481
201693
123453
201704
201697
123494
190035
201710
201717
123458
201715
201686
201692
201714
123469
123417
123499
123492
201691
123500
123448
123477
123451
201711
201705
123466
201699
201720
123418
201696
201701
123493
123489
201689
201718
201721
201722
123496
123468
201685
123449
201703
201706
123461
123490
123488
123491
201709
201700
201716
123450
201694
201712
201695
201723
123498
201684
123495
201707
123420
201690
201687
123462
201688
201698
201719
123456
123433
143481
201708
201713
201683
123501
123502
201679
201676
201681
123504
201677
123503
201682
123507
201678
201680
201675
123506
123445
123443
123447
123505
201674
201673
201671
201672
201637
201621
201665
201668
201638
201635
201636
201663
201664
201627
201662
201650
201645
201623
201648
189946
201654
123535
201624
201620
201660
219629
201661
123567
201642
201656
201622
201667
201655
201629
189952
189953
201639
201658
201652
201666
189954
201632
201640
201630
201625
201631
201634
123566
201659
189944
201641
201626
201669
201644
123563
201670
201651
201628
201646
201643
201633
189951
201647
123581
201649
201657
201619
201605
201612
201608
201610
201618
123580
201615
201607
201600
189945
189956
123594
201617
201604
201609
201611
201601
201614
189957
201616
189955
201613
201598
201603
201606
123578
201602
201599
189965
201586
201585
201594
201589
189961
201597
201595
189960
201584
201596
201590
201582
201588
189964
201583
123613
123648
189963
189966
201587
201592
201591
189962
201593
145356
201536
201546
201557
201572
201533
201567
201528
201547
201553
201539
201549
123655
201554
209245
189970
171311
123676
201577
201548
201568
123682
201541
201532
201565
189967
123618
189959
201566
201561
201544
201563
201575
201571
201581
201559
201556
189982
201542
201569
201578
189958
201579
201538
227935
201576
201531
201534
201564
201573
201545
201552
201574
189969
201551
201558
201580
201555
201537
201562
201530
201543
123651
201529
201550
201540
123656
201560
201535
201570
189981
189983
123704
201527
201522
201524
201523
123743
201526
123710
201521
123772
123706
123771
123711
123707
123746
201525
123770
123747
201520
201519
201499
201493
123763
123778
201512
123779
123754
201516
201503
201492
201511
201507
201505
123780
123775
123727
201506
201497
201518
201488
123721
201487
123742
201490
123776
123726
123765
123715
123774
201502
201517
123720
123736
201501
123748
123773
201510
201496
201508
123762
201500
123777
201509
201494
123733
201491
201514
201498
201515
201495
123731
201513
123745
123744
123753
123781
201489
123750
201504
145357
201483
201481
201485
201472
201486
123783
123787
201471
123818
201475
201479
123820
201469
123794
201484
123840
123841
201468
201477
201482
123846
201473
201474
201476
201470
123817
201480
201478
123847
201444
201441
201452
201450
201445
201437
189986
123854
201443
123857
123856
201447
201460
201449
201459
201461
201456
201448
201467
123853
123836
201462
201446
201464
201438
123827
123838
123819
201463
123851
201439
123855
201466
201453
201451
201457
123858
201454
123849
123850
201458
201455
201440
201465
201442
123796
201436
201428
201430
201431
123898
123893
123897
123860
201433
123859
201435
123899
123900
201432
201434
201429
123889
201424
201419
189988
201420
123867
201418
201416
209191
123901
201413
201423
201427
201415
201426
201417
201414
201411
201410
201422
123896
201425
123903
123902
201412
123882
201409
201421
109476
200882
109427
200863
109475
200862
200860
109434
109469
200867
200871
109457
200875
200883
200866
200868
109471
109474
200870
200874
109472
200879
109468
200872
200876
200884
200881
200873
200877
200880
109470
200861
109445
109446
200869
200885
200878
200864
200865
200859
109473
200853
109478
200849
200856
200850
200857
109458
200852
200854
200855
200851
109477
200858
109499
200837
200841
200827
200819
109528
200825
200826
109529
200822
200831
200828
200832
200846
200845
200821
200844
200842
200843
200835
109503
200823
109495
200829
109524
200830
200848
200847
109520
200839
200818
200838
109537
109536
109532
200840
200824
200820
200834
109521
200836
200833
109538
109541
109509
200815
200816
109535
200812
200811
109525
109519
200814
109516
109540
109539
200813
200817
109513
109514
109742
200810
200808
200805
200806
200800
109571
109582
200802
200809
109596
200804
109595
200801
109569
200807
109594
200803
109584
200794
200791
200788
109550
200792
200787
200786
200799
109558
200796
200797
200790
200789
200793
109587
200795
200798
109593
200781
109590
200780
200778
200779
200776
109579
200774
109576
109577
200782
200785
109592
109567
200775
200777
109580
200773
200784
200783
109598
109743
200772
200763
109600
109643
200760
109606
200764
200768
109648
109646
109658
109641
200771
109640
109642
109609
200767
200762
200770
200765
109603
200766
109671
111345
200769
201312
200747
109661
109610
109673
200754
200749
200751
109617
200752
168312
200753
200757
200755
200759
109662
109672
200758
109675
109674
200748
200756
200750
200746
109666
200732
200741
109633
200728
109907
109639
200725
200740
109681
200744
200727
109682
200738
109680
200735
200737
167555
200739
109655
109679
109677
200733
200729
200730
200742
200734
200745
200736
158792
200726
109654
200731
109678
200743
109624
200723
200488
109697
109686
200493
200489
200722
109745
200713
200490
200495
200497
200714
109735
109747
200710
109744
200715
200492
200720
200724
200496
200491
109700
200721
200718
200717
200494
200716
200709
200708
109728
200711
200719
109725
109701
109746
200712
199804
200706
109750
109712
200487
200486
200704
200485
200699
200482
109732
200701
109704
200484
200702
200481
200483
200479
109719
200700
164593
200707
200480
109714
200703
109749
109748
200705
200478
109752
109753
109754
200456
200450
109791
199769
200453
109816
200470
200471
200452
200472
200469
109774
200460
109808
200455
200473
200459
200457
109788
200451
109767
200468
200477
135581
109813
200454
200464
109770
200462
200474
200467
109796
200475
200465
109815
200466
200463
199779
200458
109773
200461
200476
199815
200449
109810
200445
200447
200442
109780
200446
109818
200438
200443
109789
109779
200441
109776
200440
109783
199798
200439
200448
109817
200444
200437
109844
109850
200429
109856
200422
109831
109825
109861
109864
199814
200419
109870
199763
200413
200433
109824
200421
200418
109860
200414
111048
200435
109863
109838
200436
109869
109867
109845
200426
200427
109859
200425
200430
109851
109868
200432
200415
200434
200431
200420
110997
109862
200417
200424
109848
200428
109865
200423
222725
109895
109903
200407
200410
109901
109922
200411
109920
200395
200412
109872
200405
199762
109882
200409
200400
200396
109921
109924
109905
199823
199772
200404
200402
109923
109925
200401
200399
109899
109911
200397
200403
200406
109880
200408
200398
200394
109915
200391
200386
200383
109928
200393
109919
200390
109927
109926
109889
109893
199799
200387
200382
200385
200384
109896
200392
200389
200388
109972
200375
200370
199808
109979
109973
200374
200376
200380
109975
199761
200368
200369
200372
200378
109969
200373
200377
200379
200371
109976
199764
109978
109974
109977
200381
159305
109963
109983
200361
200365
109943
200358
139009
109939
109948
109984
109946
200366
109982
228255
200362
200367
109941
109947
109955
200360
208749
200359
200364
109959
109942
200363
199760
109962
109954
109961
109986
190028
110049
109992
200340
200344
200342
110048
200355
110045
200353
200337
200338
200343
200356
110020
200357
110021
200347
200345
110032
200336
200341
199782
110044
200333
110046
200352
200351
200354
200334
109995
200350
110047
200349
200339
200348
200346
199771
199796
200326
110050
110003
200329
200332
200330
110009
200328
110030
199821
110038
110008
200327
200322
200331
200324
110042
110017
199822
200321
200325
200323
200320
110148
227933
110140
110073
200309
110145
200304
200315
200313
200318
110074
110144
200298
200312
110052
200310
110143
200303
110117
199768
110115
110121
110114
110051
200317
199813
200314
200302
110113
200319
200301
189992
199792
200308
110146
200306
110162
200300
200307
110053
110142
228253
200299
200316
199807
110058
200305
110141
200311
110075
200292
200297
110080
110127
189993
199791
200291
110084
200296
199759
110151
110081
200295
200294
200293
200290
205677
110108
200273
200269
110158
199773
110153
110157
110160
199783
110102
110129
200279
200267
153191
110131
110156
200272
110088
200277
200276
200284
203917
110130
200288
200268
200282
200281
200274
110134
200280
200289
110159
110152
200285
200286
200287
110111
200283
110161
200275
200270
200278
199758
143724
110154
200266
110253
200259
200257
200250
200255
200256
200258
200251
110263
200263
199774
200252
200264
200261
110265
200265
200262
110264
200253
110251
199812
110179
110176
199795
110262
200260
200254
200249
110998
110268
110241
200241
200243
200244
110192
110197
200242
110270
200226
110185
200227
200233
200240
110277
110272
110243
200232
200248
200238
200231
200247
110244
199820
199757
200246
200229
200234
200235
110194
110256
200239
110271
110267
200236
110247
200228
200237
200230
200245
110224
110223
199780
110266
110240
199756
110269
110276
110225
110226
200221
200215
200213
110209
110206
145312
110259
200211
200222
200217
110274
110221
199767
200223
110207
199819
200220
199755
110275
200206
200216
200207
200209
200214
200225
200208
200218
110273
200210
200224
200219
200212
110260
200205
200186
199785
199818
200202
110343
110338
200193
200183
200199
110896
200201
110295
110344
200200
200184
110314
200189
200187
200192
110340
199775
200204
110308
200188
200190
145359
200195
200198
110345
110342
200194
110337
200196
110300
110312
110285
200203
200185
200181
110288
199738
200182
200191
200197
110321
110313
200180
200179
110348
110304
199794
200174
110315
110341
200172
200171
200178
110309
110303
200175
200173
200177
110316
200176
110317
110318
110347
200170
200169
200168
110445
200162
200165
200163
199776
200161
200167
110404
200159
200164
110386
110358
110387
200166
110352
200160
200139
110410
200155
200151
200156
110407
200144
110385
200149
200154
110361
199790
200152
110384
200153
110391
110372
110409
110378
200158
200138
199806
110382
200148
200141
200147
200150
200137
110371
110396
110389
200157
110411
110360
110402
110395
110405
110365
200140
200145
200143
200142
189994
110400
110406
110412
110408
110388
110380
200146
200136
110475
200123
200131
110458
199766
110417
200125
110455
110415
200132
110457
110447
200133
227931
200129
200130
110456
200134
110419
110460
200128
200127
200124
200135
111256
200126
199793
200103
110450
200116
200122
200104
200106
110444
200115
200111
110483
110468
110478
200120
110476
200117
200119
200108
166551
200107
200118
110449
110482
110465
110427
110481
110446
110477
200121
200109
110443
199754
200105
200113
200110
110480
110462
200114
110428
145323
200112
110471
110472
200102
110485
110506
200101
200091
110508
200095
110496
200090
200096
199810
199803
110507
200094
200100
111094
110489
110500
199784
110509
200098
200093
110503
200099
200097
200092
200089
200088
200084
189996
200086
200081
200087
200082
189998
189997
200085
200080
190021
200075
190000
189999
200067
190022
200079
200069
200077
199777
200068
200064
199787
199781
200066
200073
200072
200074
110538
200063
200078
200065
200071
110528
189995
199797
200076
200070
110514
200062
110617
200061
110585
110590
200050
200051
110620
200058
110592
199805
110557
110607
200057
200055
110619
110553
200053
200056
110618
200059
200060
199801
200054
200052
200049
110623
200025
110576
200029
110572
200037
200026
200033
200047
200032
200048
110624
200028
200044
200046
200027
110611
200043
110567
200034
200031
199789
110586
200040
110625
110610
200035
200036
200030
200042
110621
110594
199753
200039
110587
200045
110573
110601
200041
199765
190023
200038
200024
200023
200022
200021
110584
199786
200019
200020
148083
110650
200017
110695
200007
200012
200011
200003
130667
199999
199816
199996
200010
199994
199995
110670
110698
110700
200018
200013
199788
200000
200015
110643
110666
110697
110642
110688
199752
199817
110689
110701
200001
200002
110632
200014
110696
110627
110692
200004
199997
200006
200009
199993
110679
200008
199998
208498
110636
110702
110693
223593
110641
110691
200005
199992
199991
199976
110705
199989
110673
199981
199985
110704
199977
110651
199990
110675
110703
199975
199984
199979
199986
199811
110676
199978
199980
110706
199987
199988
110656
199982
199983
199974
199973
110713
110775
199972
199970
199802
110794
199969
110719
110792
110793
110796
199971
110773
199966
199968
110774
199965
110795
199967
110772
199964
110776
110729
110800
199950
199944
110787
199957
110766
199945
199960
110767
199949
110797
199959
110798
110780
190025
199956
110801
199962
199954
199948
199952
199958
110803
110765
110799
199947
199961
199963
199946
199953
199800
110784
199951
199955
110768
110804
199942
199770
110756
110755
199938
110806
199939
199929
110744
199778
110746
199935
199936
199940
199943
199932
199930
199933
110748
110740
199809
199937
199934
110747
110753
199931
110807
199928
199941
110761
199927
190024
110814
110813
110866
110876
110848
110877
110865
110878
110815
198827
110856
110811
110809
110897
110812
110864
199926
199925
110879
110858
110821
110820
110816
110818
110958
110823
110868
110825
110884
110827
110869
110850
110881
110822
110824
110849
110817
110880
110883
110882
110826
198762
110959
198789
110847
110828
110851
110870
110840
110852
110833
110887
110863
110861
110829
110834
110893
110836
110860
110831
110832
110885
110854
110839
110888
110853
110894
110841
110886
110875
110846
110838
110845
110890
110892
110843
110859
110844
110855
110889
110842
110862
110891
110874
110835
190027
190026
110871
110872
110830
110898
110962
110905
110955
198759
110907
110985
110980
110906
110903
110900
110979
110982
198770
110983
110902
110901
110899
110984
110970
110981
110932
110931
110956
110918
110929
110936
110991
110923
110973
110914
110988
110933
198758
133518
110924
110937
110964
198782
110925
110917
110934
110920
110916
110908
110989
110921
110910
110965
110986
110926
110911
110963
110990
110922
110919
110909
110971
110912
110972
110987
110935
110961
110953
110928
110915
110977
110944
110957
110946
110976
110948
198799
110978
198774
110996
110966
110995
110967
110947
110994
110951
110954
110949
110968
110945
110993
110941
110975
110992
110939
110974
110942
110952
110943
110938
111163
111143
111004
111041
111068
111005
111066
111067
198798
111062
111063
111001
111065
111049
111003
111000
111052
111064
111050
111037
111002
111051
111053
111069
111009
111014
111077
111019
111056
111013
111057
111039
111010
111012
111073
111075
111016
111072
128099
111074
111054
198788
111076
111044
111006
111007
111071
111043
111042
198761
111008
111018
111011
111070
111017
198791
111096
111079
111059
111047
111032
111061
111029
111080
111058
111060
111020
111022
111026
111028
111031
111036
111023
111081
111078
111034
198757
111021
111027
111033
198756
111082
111097
111040
111030
111083
111046
111024
111038
111099
111101
111106
111150
111155
111103
111104
111164
111098
111158
111102
198787
111157
111108
111100
111145
111156
111107
199719
111151
111160
199727
199721
199730
199728
199724
199726
111159
199722
111165
111116
199729
199731
111110
199725
198766
111117
199723
111124
199720
199715
199716
199718
199714
111137
199705
199711
111148
111138
111166
198812
111144
199707
199706
199713
199712
199709
111161
111149
111170
111168
199708
199710
111169
111154
111167
199717
143284
111171
199704
199703
111175
199692
111218
198781
199699
199697
111184
111238
111176
199701
198755
111172
199691
166411
199695
111219
199690
199698
198797
199700
111248
111246
111223
199688
111183
199689
111247
199702
199696
199693
199694
111201
199686
199671
199670
199673
199685
199681
199674
111252
111186
199684
111191
111198
111231
199668
199678
199675
199677
199682
111224
111253
111251
199679
111225
199683
199669
199672
199680
111140
111250
199687
199676
199667
199661
111205
111254
199664
199666
111209
199659
199658
199665
198806
111210
111255
111234
111226
199663
199660
111214
111235
111216
198776
111220
111204
199662
111208
199657
111346
209140
199650
111263
111352
111261
111348
199649
199641
199654
111338
199644
141097
111276
111347
199647
111351
199653
199645
199648
111353
199656
111350
199643
111349
111318
111270
199646
199652
111265
199655
199651
111339
111310
199642
111322
199629
199627
199636
199633
199635
199634
111277
199624
199623
111280
199632
199626
111355
208752
199640
199638
199639
199628
111354
199630
199637
199631
199625
199611
111289
199618
199604
111344
111360
111302
111301
199620
199610
111293
111292
199612
199616
111314
111358
199617
111361
111313
199608
199605
199609
111308
111356
111335
199615
111357
199607
199603
111334
199622
111342
199602
199621
111359
199606
199613
199619
111297
199614
199601
199600
111447
199599
111461
111400
199596
199597
199583
199594
199598
199589
199587
111398
199588
199584
148791
111379
199592
111368
199595
111397
199590
199585
199593
199586
199591
111385
111362
111401
199573
111404
198821
111408
199577
199572
111372
199580
111405
111374
111407
111462
111375
199576
199578
111406
199575
199574
199582
199581
111373
111402
199579
111403
199571
111412
111445
199564
111086
199566
111453
199562
111465
111464
111442
199560
111411
199569
199563
111426
111463
111446
111440
199559
199565
111454
111466
199567
199561
111415
145321
198785
111422
199568
199570
111430
111467
199551
199554
111428
199548
199553
111469
111470
111436
199558
111434
199552
199549
199556
111455
198768
199557
111468
111458
199547
199546
111432
199555
111449
111448
199550
111444
111500
198754
111482
199539
111486
199534
199531
199532
111489
111510
199540
199541
199543
199530
199529
111491
199535
111517
199538
161273
199536
111516
199545
111472
199544
111508
111515
111479
199542
111518
199537
111483
199528
199533
199523
199526
199525
111501
111493
111514
199522
111519
199527
199521
111512
194073
111492
111503
111506
199524
111502
111494
111563
199520
111523
111589
199519
111527
199516
199518
199517
111565
111522
198765
111568
199515
199514
199512
111536
199504
199509
190032
199505
111582
199503
199501
199507
111590
199513
199510
111592
111591
199502
199506
111538
111542
199508
199511
198805
199488
198793
199498
111586
199494
199495
111594
111564
111579
111552
199491
111585
198753
111595
199489
199500
199483
199493
111577
199485
199484
199490
199482
199481
111576
199497
199492
199496
111584
199486
199487
111543
199499
111572
199473
199479
199475
199472
111637
111653
198752
111604
199477
199476
199474
111655
111633
198784
199478
199471
111665
111639
111677
199456
199468
111659
199463
111672
199452
199465
111616
199462
199455
111615
199458
199469
111671
199466
111609
111669
199470
199467
199460
198826
199459
111658
111643
198750
190033
198751
111667
199453
199454
111668
111670
111666
199457
111606
199464
111635
199461
111673
111674
199438
199448
111676
199440
199442
199443
111648
199446
199444
199447
111636
111647
198818
199439
111675
199451
199445
199449
199441
199450
111713
111681
111730
199430
199432
111729
111731
199436
199431
199434
199435
111680
199433
199437
111690
111736
199426
111735
199425
111732
199424
111724
198749
111692
111714
111715
199428
199427
111691
199423
199429
111733
111734
199422
111712
199417
111710
111737
199415
111702
111709
199412
199416
198794
199410
199413
199419
111701
199420
111704
199421
199418
199411
199414
111703
190034
199409
111718
111864
199399
111802
199407
199408
111803
111776
199403
111789
199402
199405
111746
111804
111806
111742
111743
199400
199401
111777
199404
111745
199406
111775
111805
199394
199392
199387
111752
111807
111782
199391
111791
199398
111808
111793
111781
199393
199388
199390
111758
111719
111797
111751
199389
111795
199397
199395
111784
199396
111790
111846
111809
111768
198807
199381
199386
199384
199383
111771
111810
199382
111811
199377
199376
199375
199385
199380
199374
111799
199379
199378
111762
199373
199367
199370
111865
199365
199366
111814
198748
111859
199369
199368
199371
111866
199372
111867
199364
111870
199362
111854
199354
111819
111868
199360
198737
199356
198816
111824
199355
111873
111847
111087
217403
198736
199359
199361
199357
111869
199363
111829
111871
199341
199350
199349
199351
111838
198820
111856
199340
198773
199352
111872
111843
198777
199344
199339
111831
199347
199343
199348
199346
199345
199353
199342
199337
199338
111880
111875
199332
199335
199333
199329
199331
199328
111927
111877
198824
199330
199334
199336
111923
111922
111924
199327
111926
198825
199320
111930
199314
199311
199319
198747
111915
111931
111890
199316
111935
111908
199318
111911
199309
111913
199310
199321
199323
199326
111929
111912
199322
199312
111932
125438
199308
199324
111928
199313
199315
111888
111933
111900
199325
199317
111903
111917
111934
199307
161472
199306
199300
111996
223591
198792
111995
199299
111997
236493
199305
111991
111946
111989
199302
111987
111970
111943
199296
199301
111941
111998
199298
199295
199303
111988
111994
199304
125048
199276
199291
199284
199286
111993
112002
111984
199279
199288
199294
199289
111953
199292
112003
111976
198769
199287
111971
198817
199281
199293
111956
199290
152862
199278
111963
111960
111999
199282
198802
199280
112000
199277
111957
198815
111985
199283
111975
199285
112052
199275
199274
112026
199263
199266
199265
199264
199269
112007
112009
199262
199268
199271
199273
199270
199272
199267
198746
199261
112025
112028
112047
112049
199251
112037
199260
199248
199256
199247
111089
199259
199249
112048
199252
199258
199257
199254
198763
112043
112040
112044
199246
112034
112050
112031
112045
199253
199255
112039
112046
198809
199250
159274
199238
199245
199239
112113
190038
112140
199241
199235
112103
209153
112062
199243
199237
198780
199242
199240
112155
164499
199234
199244
199236
198745
199233
199232
199231
112158
203916
112122
199230
112106
199219
199225
199221
199229
112072
199224
199222
199227
199228
199226
112118
199220
112066
145322
199223
199218
112143
112091
199214
112170
199212
112128
198814
206092
112166
199209
198783
190039
199190
199197
112162
112151
112075
112163
112097
112168
199203
199208
112109
112125
198804
199201
199204
199206
112160
112142
199216
112132
199192
112110
112127
198811
199215
112165
199211
112164
199191
112136
199194
199196
199195
112083
112145
112076
199213
199193
112134
199210
112169
199199
199205
199200
112161
112149
112167
112131
112101
199202
199217
112126
199207
198744
112288
190042
199185
111092
112180
112237
199184
199178
112239
198779
112238
199183
199182
112209
199188
112236
199180
199175
111093
199187
199179
199176
199174
112235
112174
112234
199177
199181
199186
199189
199172
199173
199153
199169
112182
199171
112210
112203
199148
112240
112212
199157
199168
112211
112230
199167
199149
199156
199170
199150
199152
112193
112207
199158
112217
199162
112196
112241
199154
199159
112202
112243
112242
199160
199147
199166
112228
143059
199164
198808
112226
112205
199146
199155
199165
112223
112232
112195
199163
112198
199161
199151
112201
112249
199145
112315
199143
199136
112291
199137
112254
199131
199139
147496
199144
199134
199130
199140
112255
199132
199138
199133
199142
199129
199141
199135
198771
112316
198764
199128
199127
112328
112293
112298
112311
112324
112283
199103
112297
112319
199113
112325
112326
112304
199123
199104
112294
199107
199117
112321
112318
199110
199112
199119
199116
199114
112323
199120
112275
199118
199115
199126
199111
199121
199108
199124
199109
112310
112282
199125
112281
112320
199105
198775
199122
199106
199102
199098
199092
199096
112338
199099
199095
112335
199097
199094
199101
199093
199091
112339
112346
112345
198743
199100
112398
112399
112400
199081
199074
112385
199090
112402
199072
199085
199084
199080
199073
112391
199088
199076
199082
112364
199077
199089
199075
199078
198796
112403
198735
199079
112350
199086
112401
199083
112404
199071
199087
199060
199066
112405
199056
199070
