83152
83150
127012
141092
127085
83141
83128
83153
209815
83140
83142
83134
83129
83143
67210
83154
83180
227911
219977
127014
83198
209781
83161
83173
83158
83170
83156
209857
67213
83155
83160
83157
83168
83159
163031
67220
67224
67223
209843
67225
83172
67226
209775
83162
67229
209717
67228
220003
67230
83176
83166
83174
83179
209761
67227
83181
209715
83163
209769
83171
209713
83178
127052
83165
83175
67231
83169
83182
83185
83194
83186
83203
83183
83193
209753
83184
209711
127020
83196
83197
83201
83195
83205
209875
83199
67234
67239
83190
126989
67240
67241
67235
67236
83187
83204
209855
83259
83238
83191
83189
209791
190062
83206
83207
83188
67242
83192
126172
127086
83235
83208
83209
83234
67395
67416
67406
83211
67404
83210
133579
67415
83233
67405
67407
83213
83225
83227
209169
67417
67409
67396
83217
83228
83212
67408
67414
83237
127021
126651
67411
83215
67412
83214
67410
83230
67399
67400
83218
83252
127022
67403
67413
126740
67419
83229
83219
67418
67398
83231
67397
83220
67402
67401
209709
83292
209797
83239
83262
209891
83260
83261
83241
83240
68282
83242
67252
67249
83263
83251
191912
83254
67250
209785
83253
83247
83244
83265
67248
83258
83256
83257
83250
83255
83248
209707
67251
127087
67256
209829
209705
83246
83245
83249
83507
83243
67267
83293
83266
191913
83267
68302
227909
83287
219981
83282
83281
83280
83274
67258
83273
67261
83278
83291
83268
67260
83290
83270
83269
83289
83276
83284
83271
83272
67259
83283
209823
83277
83279
209849
83275
209879
83309
209703
83310
83308
190063
209701
83305
83294
67274
67272
83301
67276
83303
83300
83298
83307
83296
83313
67271
209863
209779
83306
83299
83295
83304
67277
67275
83297
83302
83311
209751
209865
83312
67289
126663
126708
67290
83331
83330
83315
67285
67286
134370
68284
83325
83314
83332
83327
67287
83323
83338
126244
83320
83326
191895
209767
83336
83324
67283
68316
68283
83334
83318
83335
83322
83333
67280
67279
83328
83340
67284
67282
83317
83319
126652
83321
67281
83390
83391
83363
83355
83357
83353
67304
83364
83344
83354
83358
67307
67291
83341
67292
126654
190064
83343
67293
67303
126727
67311
67294
67312
67306
67305
209157
67300
83367
67297
83349
67301
67296
67295
67299
68285
83362
83347
67309
67324
67308
83352
228127
67302
83350
83346
83351
83359
67310
67298
83361
83392
83365
83360
83399
83408
126656
83393
67321
83389
126659
83370
83373
68287
83375
83403
83400
83381
83372
204212
126658
67320
83387
126736
67322
83385
83371
67313
67314
83384
83404
83394
83395
83376
83401
83382
83402
83405
83377
83378
83379
83386
67316
67315
68286
67317
83383
67429
67325
67318
83388
67319
83451
83409
83407
67323
68288
83398
207136
83436
83426
67423
83414
83417
83431
83412
83411
83424
68317
83418
83430
83429
83410
83415
67421
83416
67424
191897
83425
138889
67427
83413
83432
83421
83434
83428
83433
67422
67425
83419
83435
83422
83423
67428
83420
83440
83438
83441
67332
83437
83439
67329
83449
83448
83485
83447
191896
83452
67328
83450
145344
83446
83487
83442
83486
67327
67331
67330
83445
83443
67326
191919
228325
164373
83473
83455
83477
219975
67333
159432
83472
83456
83458
83478
216647
67339
67344
83484
83463
83475
126661
67336
83471
83466
83479
67335
83474
83480
67345
83476
67338
83483
83481
67342
83470
83459
83460
83468
83614
83464
83467
83482
83462
83461
67337
67343
83465
67341
67346
67383
83544
83499
67358
67355
83501
83502
83488
67359
67357
126729
83490
83489
83508
67363
83493
83492
83496
67354
159354
68289
67352
83513
67348
67351
67360
67361
83506
83503
83498
209234
67349
83497
83505
83516
83494
67353
67362
67356
83491
83515
67350
83514
83512
83495
83511
83509
83564
83533
67378
67375
67364
67374
83531
67373
83532
83537
67369
83519
83518
83536
67377
67366
83522
126748
67371
67372
83543
83535
83540
67380
83523
67365
83530
83534
83539
67367
67368
67382
67370
83541
83525
83529
67376
83524
67381
191921
83528
68290
67379
83521
83527
83538
83594
83545
68291
83547
83558
67384
83565
83566
83548
83557
83561
83546
67393
67390
83560
83574
67386
83570
67389
83553
83562
67391
67394
83550
83567
83559
191922
67388
83554
83552
83555
67385
83571
83556
83568
83569
83549
67387
67392
126714
126664
126665
68292
83576
67436
83587
67437
83575
83590
67435
67441
83584
83578
83592
83588
83580
145333
83585
67438
83581
67433
83582
67439
67440
67434
83586
83589
83593
83579
83591
83583
83577
83595
67442
67457
67449
83598
83610
67452
67445
67454
67444
126715
216645
83608
83596
67465
67443
83607
83611
83597
216641
83612
83599
83606
83603
83613
83604
67453
216643
216635
67451
67446
83600
67450
83601
83639
83609
67455
216637
67448
67456
83602
216639
83605
216633
216631
83626
67464
68293
83624
83635
83634
67458
83636
127126
83625
67460
83632
216625
216627
83629
83628
67461
83640
67459
83633
216629
67462
83627
67463
83641
83642
219987
83643
216619
216623
216621
83644
83646
67466
83651
83666
83656
83655
83653
67469
216611
83665
83654
67467
67470
216617
216613
83652
216609
216615
67476
67492
67475
216607
67493
83664
216605
83670
216599
216601
219979
83663
83661
83667
83662
127243
224093
67477
83660
83668
67468
216597
216595
216603
216587
83687
83684
216593
67478
67480
83685
216583
67479
83691
83692
83694
83688
216589
216585
67471
191934
67482
83680
216591
67472
67500
216575
83683
67474
216577
216579
216581
67483
83693
83776
67473
67496
127129
83710
83711
83716
216573
216571
83709
83719
67495
216567
83703
67484
83718
67487
67489
67490
67494
67491
83701
67488
83715
216569
216565
67880
216561
67498
83707
67497
127246
83708
83706
216559
67499
67485
216563
228121
67486
216557
228125
83777
83730
216555
67501
83738
83737
83726
83727
83731
67502
216553
83728
67503
83732
83750
83740
67504
83744
83743
127131
83733
83745
83734
83739
83735
216547
83742
216549
216551
127247
83768
67505
83752
83753
83769
83754
169471
83751
83764
83767
83774
83766
228123
125466
67514
83765
83773
138903
83755
67509
83757
67513
68294
83760
83759
67512
67511
83770
83771
83761
67507
67510
83763
67506
67508
83775
83762
67515
193767
83794
67516
83779
83778
67526
67525
67517
83780
83788
67518
68139
83795
83789
68296
83803
83783
83801
67535
127132
83781
191937
191923
159291
67524
141143
83792
83791
191928
191929
67519
83790
83785
191930
83782
67523
83784
191927
191924
67522
83786
83796
191926
191925
83798
83793
67521
83802
67520
193768
127249
83805
83804
193762
83818
145343
67549
193765
67537
67536
67538
67550
67544
67541
67539
83830
83817
67552
83810
83809
67554
83828
193763
67540
83811
83829
83825
83823
67546
67542
83813
67551
83812
83815
83831
83832
228215
67547
193766
228217
67430
83814
83816
142524
83806
83827
193764
67545
83807
83820
83808
67581
67580
83847
193778
67555
193769
193782
83858
193771
83857
67563
83835
83849
193777
67556
193772
193770
67564
83861
67596
83844
193776
83841
83850
67565
67557
193781
83859
83851
67559
67566
68297
83843
67562
83860
193774
67561
139465
193779
193780
193773
67558
193775
67582
193792
193793
83883
193790
83884
83882
193784
193783
67568
83873
83886
193785
67577
193789
67576
83885
67567
193791
83868
83879
67572
193786
127133
67569
83865
83867
83872
83887
83869
83889
67575
67579
83875
83880
67578
83888
67571
67570
67573
193788
83874
193787
67574
67595
67597
83916
193794
193796
193804
67584
67589
67590
83914
127251
193797
193798
193795
83915
193799
68298
83909
125452
83906
67598
83907
193800
67592
67583
67586
67594
83908
83917
193802
83921
83901
83910
67591
193803
83920
83911
67600
67602
67588
193805
67601
67587
83900
83918
193801
67585
67593
83919
193817
193806
67614
67603
83926
83940
193809
67605
193807
193815
67612
67611
193808
67606
67613
67604
83925
193812
67615
67609
67608
193816
83931
83941
68299
193811
67607
83929
67610
83939
193813
83932
83942
193814
83934
67616
67617
83943
193810
67618
67619
83962
193826
83955
83954
193823
193824
83945
67668
67630
67629
67620
193825
67642
164352
67641
67631
83958
67621
67632
83960
83956
67639
83947
193820
67640
67622
193818
193819
206135
67637
67634
193827
67635
193821
67431
206134
67626
67624
83963
67625
67644
83966
83965
83964
67643
67627
143225
228213
193822
193830
83968
193828
67661
67648
83988
67645
83978
67660
143405
83971
67655
83987
193837
193829
67646
67650
83990
67662
67651
83989
67652
83979
193831
83975
193833
67659
83991
193839
67656
193832
67658
67649
193838
67666
83984
67663
193835
67653
83992
193834
83977
67657
193836
67664
83985
67654
67665
67667
67678
84011
193848
193849
67675
67677
193846
84005
84003
67673
84009
84008
67670
67674
193850
67683
84006
84007
193844
193841
84004
193845
193847
67676
84000
67671
67672
143404
193840
193843
193842
83998
67432
193852
67681
84014
193851
193854
67679
84021
67682
193853
67680
84017
84020
84022
67686
67689
193856
84034
84042
67695
193857
67687
84035
84041
67684
84039
84032
67697
193858
67688
67696
67703
193855
67685
84036
84045
84044
84043
67694
67692
84033
67690
193860
193861
193862
84037
193859
67691
67699
84040
67693
67701
67698
84046
67702
67700
84038
193863
193866
193873
193865
84067
67711
84066
193864
67717
67732
67710
67731
84055
193867
84068
84058
67715
193871
67720
67707
67709
67721
193874
84070
145664
67705
145530
159229
67704
84071
84056
193868
193875
84069
67712
67718
193869
67728
84072
84060
84074
84054
67723
67726
67708
84075
84059
67724
67729
193870
67725
67722
67727
67716
193872
67730
67713
84073
67714
193876
84076
67772
193885
193878
67734
67748
84078
193877
67753
67746
67752
193884
67751
84088
84094
67735
67733
84093
193879
84080
193883
67738
67757
67756
67741
67742
84089
67755
193881
67739
67754
193880
84087
67749
67737
67736
67740
126731
67744
84090
67743
67760
67747
193882
84095
84098
67759
84097
84099
84100
67750
67758
67745
84096
193895
84130
84104
84103
84119
193888
67764
193893
193886
193887
84128
67763
67762
84124
84110
67770
84115
67771
67768
193891
84123
193890
67769
84112
84125
67767
84106
84121
193892
84122
67761
67766
191931
84127
126668
84120
193889
193894
138265
84126
84113
193917
67784
193905
84145
84138
191932
193902
67779
84135
134459
193898
193903
193900
67777
84153
84133
84154
193897
67778
67774
84144
84149
84147
67783
67781
193896
67787
84142
193904
193901
67782
67780
67776
193899
191938
67773
126716
67786
84151
193918
67799
216545
193906
193907
84171
67790
84175
216541
67796
216543
67795
67789
193911
216523
216531
216525
67794
216527
193912
216519
67798
193915
216533
84176
67792
216529
216521
216535
193910
193914
67793
193909
216539
84158
84162
67791
196520
216537
67797
67788
84173
193913
193916
193919
193932
193925
216513
193920
67800
193921
84201
67802
145686
216517
216515
216511
84197
216493
84198
193923
193924
216495
193933
84199
193922
216509
216503
216499
67803
67804
216501
67805
67801
216497
216507
216505
193929
193934
193935
67811
67807
216487
84212
216159
216161
67812
67815
67809
216491
67814
216221
67813
67810
216223
216489
216173
193931
216157
84233
216483
84234
193926
193930
193927
84218
216171
216485
193928
84224
67816
67806
67817
67808
128161
67832
67825
84257
67818
193936
126718
67819
84259
193942
84256
67822
193940
67826
193943
84246
84245
84263
67830
193946
67829
67821
84266
84260
67824
67827
67823
84249
193945
84264
67820
84250
84265
84267
193939
193944
193938
84242
193937
84262
193941
84240
67828
84261
84304
84293
193956
67865
84298
67834
67846
193955
84297
67851
84275
67835
193952
67855
67833
84299
193947
67847
84287
84290
84301
126672
67849
67850
193954
84269
191941
84296
84274
67848
67837
84294
67836
84295
193953
84283
67839
84271
67853
67852
84300
67854
84273
67838
193948
193949
143364
84280
67841
67840
67844
84302
84278
84291
84303
84279
84281
67843
193950
84277
193951
67845
84322
67869
84319
67867
193960
84323
193961
67868
67866
67858
67870
84306
227907
216155
67857
84309
84310
216153
216247
67864
126732
216241
67863
67862
67873
84314
67871
67872
216201
84308
193957
216209
193958
193959
84320
67874
67859
84317
216203
67861
84311
67860
84315
67894
67888
216149
67890
193962
67876
193964
216481
216151
84367
67887
67875
216199
67885
216477
216147
216217
216231
216145
216479
216197
67883
67892
67881
216195
67877
216143
216141
216139
67889
193963
67884
84346
67891
67879
67886
216179
67882
216215
216137
216235
67893
67878
67902
67895
84394
67906
216193
193965
216121
67907
67896
216165
216123
216131
216127
216119
216135
67897
216133
216129
216125
84374
216475
67908
216187
67909
67901
84370
67905
216117
216115
216167
216181
193968
216113
216111
67899
84376
125455
67904
216189
67898
67903
216109
193966
216225
84395
193967
216053
84409
84410
67911
84412
84396
193974
67922
67915
67920
67916
67921
67910
84411
84404
84397
67917
67918
84414
126722
84413
67919
67914
67924
84400
126678
84416
84403
67913
84415
67928
67926
67927
193975
67944
84401
68266
84399
84408
67923
67912
84398
67929
67925
84418
67930
193976
67931
84417
67990
127082
67946
84434
84433
84423
84424
67932
84432
84421
67945
67935
67936
84422
67934
67933
84420
67947
84438
84427
84436
84440
67942
193977
84426
67941
84425
67950
84428
67940
67948
67937
67962
84439
84435
67939
67943
84437
84431
67949
67938
126733
126700
84442
127135
67971
84445
84457
67963
67976
67951
67978
84465
84469
191942
67975
84468
67966
193978
84470
84449
84447
67952
84466
67973
67970
67953
216245
216107
84444
84446
67977
67974
67972
84463
84448
126723
84461
193979
67982
193980
193981
67958
216473
67980
67956
67965
67954
67959
126702
68112
67961
67981
84458
84456
216105
67967
67983
67969
84452
84454
67968
84453
67955
84455
67984
67979
166174
67964
67957
84531
84494
216101
68003
216103
216097
68004
67998
215923
67997
216169
68002
67999
216191
68001
68000
67992
84491
216099
127137
216471
67985
216211
216213
84490
67991
67989
68010
193985
193983
67994
67986
216175
67996
216093
216239
84481
68009
68008
84487
84488
193982
67988
216091
68011
67995
68007
67993
193984
68006
193990
216095
68005
67987
216051
216005
215975
216015
68016
215919
215913
216085
193987
68012
215917
215921
68021
68019
68018
84514
216089
216087
215911
216017
215915
68020
84505
193988
215909
68029
216083
216227
68013
215907
68025
216077
68023
68015
68027
68032
216079
84516
216081
68031
193986
84517
68014
68026
68022
68028
68024
68030
216237
216183
68038
145311
68042
216205
193992
216229
84538
68033
84534
216219
216073
193991
216075
215905
68043
68041
84542
68034
84552
68036
84551
68040
84550
68035
216071
193993
84540
68039
84555
145661
84570
193994
68044
84568
68047
209196
84553
68048
68052
84557
68050
68051
84556
84569
68037
84558
84571
68045
84561
193995
68046
68055
84566
84559
68054
68053
84560
84562
228323
127160
126207
68057
68072
68076
84572
84585
84584
68073
68064
84592
68071
84593
177831
68075
166936
68074
194001
68070
68068
68078
68061
84573
84575
84578
84577
68060
84576
193996
68069
68065
68077
68059
84594
84595
68062
68079
68080
84583
193999
68066
68067
84582
84597
84581
84579
84587
194000
193997
84596
68063
68081
193998
194007
194006
210341
194005
194002
84610
68083
68082
84625
127162
68084
68085
68093
127262
84601
68097
84603
84619
68086
68104
194004
68103
68091
68094
84618
160811
84627
84620
68087
68088
68095
84612
216177
216069
84611
194008
194011
68099
68090
68100
84614
194009
194010
84616
68105
68096
68089
68092
68098
84623
84613
84615
84607
68101
68102
84622
194032
161172
194018
84637
216067
194013
68107
68114
68108
194012
68113
194017
68109
68106
194020
194111
194019
194016
68115
84638
68111
68120
68117
68119
194014
216243
68118
68110
216163
68116
84642
215977
194015
68134
68132
194025
215903
84657
215997
159295
68123
68131
215899
215897
68129
216003
194027
68124
215951
194021
216013
68126
68136
68135
84775
68133
194022
68137
84659
68127
68130
68125
84651
194024
215953
215901
68122
68128
68121
194026
84655
194023
84647
194033
68146
216041
84679
215893
68141
194030
194029
68140
68148
68145
84680
215895
216039
215887
68144
215955
68142
84675
216021
68147
194031
84678
215889
215961
215891
68149
194028
237177
216045
68177
68176
194036
68152
68175
215995
68163
216029
215991
68169
68165
68174
215967
194035
215883
84710
215965
215971
68164
68167
68160
84705
68166
68161
84771
68171
68173
194034
68153
215987
68150
68168
194037
215983
68162
68172
216037
215885
84704
68151
215881
68181
68182
68180
215875
215985
215981
68473
194039
215879
194038
216233
68178
215949
68157
215945
68158
68179
68156
215877
68154
68159
216009
68170
215973
68185
68184
68183
137762
68190
194043
68187
216023
84737
68188
68205
194050
194042
194041
215873
68189
194044
68186
84726
194045
194040
68206
68201
215871
194046
215999
215979
194051
68194
216025
68197
68207
68210
68203
68198
215869
215867
84741
194049
68192
68202
68208
68211
84747
68196
194048
68209
194047
68200
216001
84803
142407
68195
68204
68191
215993
84742
68193
84730
215865
215861
127079
68239
68215
68213
68217
68224
68238
68214
68232
84757
194054
68240
145332
68218
127039
84768
84777
68212
84755
68235
194060
84780
194061
84778
68216
68234
194052
68242
68236
194059
84756
194053
68241
68229
194062
84774
84759
127040
68231
68225
68233
84760
84772
84776
68230
194055
84782
68228
68226
68246
145204
68244
68223
194058
84773
68222
68221
194056
194057
68227
68245
68247
68237
84781
68243
84770
68219
68220
84794
194069
68253
84783
194068
68259
68262
194065
68255
68257
68250
84785
127044
68252
194064
68260
68249
68258
84806
84805
68254
68251
68256
68261
84787
194067
84792
127080
84799
68265
68264
84807
127093
68263
194066
84789
84800
127043
127041
127108
68333
68318
84836
84844
84845
194082
68327
68326
194087
84822
138083
194086
68337
84831
84846
84843
191965
194123
68346
194090
68344
68343
68339
68321
84821
68338
68320
84840
194081
68342
68319
68322
194084
84842
84824
68353
127046
68340
68331
68352
194083
68351
149452
68324
68334
84835
68325
68347
68332
194085
68345
68341
194091
68348
68330
68349
84847
194092
68329
68328
194089
68335
68350
84848
84839
194088
228321
68368
68366
194094
84857
194099
68363
68370
68361
84868
194097
194093
126703
84860
68354
68369
84869
84862
68364
68365
194096
84851
84849
84863
84867
84854
194095
194100
68373
68367
194098
84870
68362
68356
68358
68371
68359
68360
68355
84874
194101
84871
68357
68372
84858
84872
84873
84875
68374
68375
194106
84877
84891
68376
68387
84889
194103
194104
84890
84876
68380
84883
68382
68381
194102
84895
194105
68385
68378
68388
194107
68392
68384
68386
84892
194110
84896
84898
194109
68390
68391
68379
68389
68377
68383
84893
84885
84887
84897
194108
68413
194112
84905
84904
68407
68415
68397
84920
194114
194115
84903
68394
68400
68393
194117
84912
84919
84911
68405
68399
68417
68416
68410
68406
84916
84918
84900
68411
84902
68401
194113
68395
191966
68414
84917
68404
68412
68398
68420
68408
68421
159675
68419
68403
68418
194116
68423
68422
84921
68402
84908
194118
84909
68441
84934
68428
126705
84935
84926
194121
84932
68442
68433
68439
84927
68445
84923
68436
68432
84931
68444
68438
68447
68443
84930
84925
68435
194122
68434
68425
68427
68424
84938
84937
84936
84939
68426
194119
68446
194120
68431
68451
68430
68437
143444
68449
68448
84940
68440
68450
68453
68452
194124
194125
68462
68465
84949
68457
68466
68467
84957
68463
68456
68460
68461
68464
84943
126209
194127
194126
68468
68750
194130
84944
84955
84945
68471
84947
84946
84960
68469
68472
84952
84958
84959
68470
68458
68459
126258
126179
68500
68495
68491
194129
126180
84976
84969
191967
68499
84964
68501
164031
68498
68492
84970
84963
68484
68490
84973
68477
68497
126245
68479
68494
68476
84974
68482
68480
68493
68496
68478
68485
68489
68475
68481
84972
68483
194128
68502
84977
84967
68505
191968
68504
68503
68507
68508
68506
68510
154251
68487
68509
68525
84988
68520
68522
194132
68524
84986
68526
84990
194131
84982
68516
68518
68570
68537
84984
84989
126254
68523
68513
68529
68521
68515
68519
68527
68528
84991
126181
68530
84978
84979
68517
68531
84993
68533
68514
68512
68511
194133
68532
126210
84994
85009
68558
68534
68550
194135
68538
68553
68535
68546
85028
85003
85008
85012
68692
68691
68561
84996
68554
84998
68536
68559
126212
84997
68547
85011
85007
68539
68560
68556
194134
68545
68555
84995
68549
68557
68569
68551
68542
68541
68543
68597
85013
85016
68567
85000
85001
84999
68548
68540
68552
68564
68544
68565
85006
85014
68568
68566
85015
68563
85005
145662
68562
68693
68599
68577
68579
85029
68580
68600
85033
68576
68603
68598
85036
126184
68578
85022
68817
68572
68575
68581
85038
68571
68601
68583
85040
85023
68584
68573
85020
85034
148771
68591
68605
85021
85017
68582
85019
85037
85039
85035
68574
68602
85030
85032
85031
68589
68586
68606
85026
68694
68587
68585
68595
85024
68607
68590
68596
68588
68609
68610
85025
68592
68593
85042
68594
68608
85041
126247
216469
85048
85060
68625
68612
68619
68637
68616
68611
68633
68638
238799
85047
68623
68613
68636
68624
136039
68614
68634
194136
85043
85050
85045
68615
68632
68635
85055
68639
68455
68847
68630
85058
68628
85061
85065
147269
68620
68618
68627
85063
85064
68454
68629
68617
85056
85044
85049
68622
194137
85053
85067
85066
85068
85070
85052
68644
126186
68640
85072
68643
85071
68642
85069
68621
68631
68626
68641
85062
85054
68669
85076
68653
68676
68645
68660
68677
85074
216459
216461
68663
68649
68673
85077
68650
135579
68668
68646
68674
85078
85079
68652
68670
85081
68848
68654
216455
167573
126214
68647
68655
68665
68666
216457
68661
68671
68648
216467
68667
68664
216463
68672
85086
68651
216465
68688
68657
150992
216449
216453
216447
68683
216451
85092
68681
68687
68819
68689
68679
68685
68686
68656
68658
68662
68684
216445
85088
68680
68682
68678
68659
216443
68731
126261
216441
126195
68820
216439
68709
216423
68716
216419
216435
216413
216437
68718
68696
216429
216417
68708
216431
68712
68701
216415
216421
68695
68697
68720
68714
216433
68704
216427
216425
85125
85109
85105
68717
68702
68719
68700
68705
68715
85126
68698
68706
68699
85114
68707
216407
216411
68728
68711
68713
68729
68726
216405
85128
68727
216409
68703
68722
68723
68721
194138
216401
85127
68710
216403
68724
85129
68725
68821
68730
85154
68755
85134
85131
68732
68761
68733
85135
85158
126217
126256
68822
68754
68759
85159
85133
85136
85156
85153
68760
85155
68746
68734
68763
85148
85132
85143
68753
68735
126196
68751
126249
68737
68736
68757
68758
68756
68739
85150
68762
68738
85149
68741
68766
68748
85146
68744
85139
85137
68849
68764
85145
85138
68765
68834
68785
68752
68745
85178
85140
85141
85157
68747
68740
68743
68749
85160
68786
85161
126193
85162
68775
68778
126218
85170
68777
216063
85169
68793
68772
85166
68774
68788
85171
216059
68776
216057
85168
68796
68794
68773
85167
85179
68790
68800
68795
68791
216249
191970
68797
68787
126198
68768
68802
216185
68789
210343
216061
68769
68767
68792
68801
68799
85180
216065
85165
125191
68805
68782
68807
85175
216397
134460
68779
85172
68810
216399
68780
68815
68783
216207
68812
85174
85177
68808
68811
68803
68813
68806
68804
85173
216055
68809
216395
68784
68781
68850
68851
216393
68839
216361
216385
216377
68829
216371
216391
68835
216381
216375
216365
161177
166186
68841
216367
216379
68823
68816
210371
216383
216389
216373
145348
68825
68824
216369
68836
216363
216359
68826
68827
68838
216387
216345
194140
216357
68846
216355
68853
68840
68833
68832
68837
216347
68831
68842
68830
68843
68845
216353
68852
68844
216349
85211
216351
68854
216343
68886
85242
85243
68878
68860
216323
216339
68877
68855
85244
85239
85237
216341
68856
68872
216329
216331
85240
68870
68865
68873
216321
68867
85241
68876
216335
148851
216327
68861
194142
194143
216325
68874
68871
68864
68857
68875
85245
216333
68866
216337
68869
68859
68868
85246
68858
191971
68882
216319
85235
85247
68885
85250
139246
68881
68883
68879
68863
68880
85249
85251
68884
85268
68912
68892
68907
85252
85265
85275
68908
126145
68911
68903
68901
85263
68894
68890
85271
68889
68893
126124
85255
85264
85257
68891
68910
85277
85261
85274
68909
68906
68888
85272
85276
85269
68895
85254
68905
85253
68904
191973
68899
149032
68902
68896
68914
85262
68897
68913
85258
68898
194144
68900
68915
126071
85266
68936
68937
68950
153072
68924
68923
85278
68948
68918
191974
85285
216317
68921
68951
68945
194145
194148
68916
68954
216313
68956
68952
85292
68938
68957
68919
68949
68946
85296
194147
85291
85282
85279
85295
85290
85283
68917
68953
85294
68955
68925
216315
194146
68922
68940
68939
68920
85284
68926
68932
68959
68934
68928
216309
142115
68941
68931
68933
216311
68935
68990
68942
145336
85288
68943
68944
85289
68958
68929
85286
68927
68930
85287
68960
216287
68962
216305
68981
68978
85322
216293
68985
68964
68984
68983
85318
191972
68986
216301
216299
68963
216297
68980
68982
216303
216291
68979
216307
216295
68973
161223
68961
193635
216289
68976
68967
68970
85326
68971
216281
68975
69399
68968
68988
216285
216279
216273
216283
68966
68972
216275
68977
68969
216277
68987
193636
216271
216269
216259
69009
85350
85343
133639
216257
69000
68991
85348
69005
216261
69012
69001
69008
193637
69011
69004
85349
69006
193639
216263
68992
85346
69010
68994
68999
68996
68993
193638
85344
216267
85351
69007
68995
216265
69002
85352
64457
69003
85353
216251
68998
85340
216253
69013
68997
85354
145349
216255
69093
69157
145346
69044
85357
126155
85375
85371
69015
69025
85360
85367
85399
69032
69050
69020
69046
69017
69021
69049
69047
85377
85358
69022
69024
85359
69048
69040
69018
69014
85374
69045
85378
126130
69043
69023
69019
85372
85361
85355
85376
69016
69039
69051
69028
85362
69035
85373
69036
85380
69026
69038
69057
69031
126128
193640
69029
69058
85364
126076
69027
69056
69054
69052
69055
85381
69030
69037
69053
193641
69033
69059
69034
69042
126147
136040
69073
85384
85392
69060
69065
85383
85393
163971
85400
69062
69074
85532
69086
69061
69064
69083
69078
69081
69080
69313
69084
69079
85388
69063
69077
85402
85406
85385
193644
69312
69085
85387
193642
85382
69087
85398
69092
69072
85404
69091
69067
69090
69088
69075
126079
69068
69070
69089
85403
85391
69066
69069
85397
85405
69071
193643
69076
85389
69158
126081
69097
69128
85420
85427
85411
69122
69101
85417
85429
69121
69127
85413
85421
69126
69125
69112
126082
85407
85422
69119
69094
69113
85428
126083
161754
85595
85433
69115
69117
85431
69099
69114
69129
85414
69096
85412
126149
85430
85434
85410
85408
69095
85416
69118
69123
69100
85425
85424
146552
69148
85437
69132
69110
85419
69120
69130
69116
69105
69103
69108
69111
145347
85435
69106
85418
69134
69136
85423
69102
69109
85426
85438
69133
69107
85436
69104
69131
69137
69140
85445
85454
69138
85446
85459
85444
85460
69151
85447
85457
193647
85443
69139
69149
193645
69146
85452
85441
69152
85440
85439
85458
85455
69141
69153
193648
69155
85449
69143
193646
69156
85462
69145
85450
69142
69144
69147
141785
69154
126157
69150
69176
69172
69164
85477
145338
69163
85478
85482
85485
69174
85483
191987
69160
85464
126085
85471
69161
85469
69159
69173
85472
85468
85479
69175
85465
85484
69170
85480
69162
85476
85467
191988
85481
85470
159279
69166
69180
85488
85474
145345
69181
69171
69182
85473
69169
166205
85475
69168
85487
69178
85503
69185
85504
85505
193649
69183
85500
69184
69191
85498
85501
126135
85604
69314
69196
85493
69187
85508
69188
85506
69197
85492
69186
69193
85491
85507
69199
85499
85494
69189
69192
85496
69190
85495
69202
69200
85497
69201
69195
85509
69194
85502
69198
69226
69223
85520
85533
69203
69225
69204
69227
85517
85526
85528
69219
85511
85521
69207
85527
69205
193650
69228
85523
69208
69315
192008
69206
69224
85529
85524
69218
69215
69214
85525
85516
69216
69222
85522
85518
85515
69217
85531
69229
69232
69209
126150
69212
69213
69231
192025
69221
69210
69211
126087
85530
69230
85514
69363
69241
69238
69247
85658
69257
69236
69235
69259
69234
85539
69254
85548
85597
85556
69233
69262
69239
69251
85552
85538
69252
85596
85534
126137
85555
69260
85537
69248
69256
85554
69237
85553
69255
193651
69258
85550
85535
69240
69261
85551
85547
85536
69243
85546
69250
85543
69263
69246
69253
69249
85557
85545
85549
69242
85542
69244
69245
193652
69285
85560
69269
193654
69265
69267
85571
85564
69284
85598
69266
85559
85570
146357
69280
140506
69270
85600
85566
85599
85569
69281
85561
69271
69264
69283
69268
69282
69275
69272
85575
69320
85574
193653
145571
69278
85576
192009
85563
69276
69277
69290
85573
69286
69287
69274
69279
69288
85565
85572
85601
69323
69301
85582
69294
193656
69299
69292
69300
85578
85581
134119
69295
193655
126090
85583
85590
85580
69302
69135
69298
69293
85591
85586
69291
85587
85592
85593
85589
69378
85594
85588
69297
85585
85605
69306
69309
69311
69305
69321
85607
69304
69303
85603
69322
69316
69307
69308
85602
69310
69318
69317
126161
69324
69319
85616
85615
85620
85619
69339
69355
69359
69327
69325
69344
69338
85618
69362
69360
69351
192010
69361
69332
69358
69356
69333
69345
69347
85613
85614
69340
85621
69335
85608
85610
69341
69346
69337
85624
69328
69343
69357
69353
85609
69350
69352
69330
69342
85617
125470
69329
69331
69348
69334
85612
85611
69336
69354
85625
69400
85641
85759
69371
69364
85626
69373
85642
85631
192017
69387
69379
69367
168511
69370
85628
167913
69380
69372
69368
85638
69381
192014
192012
192013
201973
69365
69382
85630
192015
69374
192018
193659
69369
69366
193657
85632
193658
85627
192019
192016
69386
85640
69383
69375
85634
192020
69376
69384
69385
153157
69377
85644
85635
69410
126152
126139
192026
126092
69401
85647
85659
69414
69426
69407
69412
69423
69424
85660
69425
69422
85653
85661
125456
85657
69403
193660
85652
85656
85666
69420
69408
192027
69421
69402
69419
69416
69415
69429
193661
69417
69427
69406
85654
69411
69405
69418
69430
69428
85664
85662
69409
65191
204960
192029
69413
85650
140167
65192
85667
69476
65193
69432
69431
69463
69433
69457
158459
85678
85682
85680
69434
69461
85668
69462
69464
85679
85681
191989
85671
85670
85683
85669
69437
85672
69436
69438
69456
69447
69444
69448
69455
69440
85684
69445
85674
85675
85677
85676
69454
69452
168231
160052
69439
69441
69449
69442
69458
69443
69460
69459
69446
140183
69451
85685
85687
69465
69466
126140
65089
69467
69484
69474
85704
85690
193662
65118
69479
69477
69485
85692
85696
85695
69471
69468
69488
85694
159281
69490
69483
85699
85707
69491
69473
69489
85703
85705
69492
69478
65090
69472
69470
85706
69481
69469
125183
85709
69487
85693
65117
85701
69486
85700
85691
85711
85698
85697
85702
69480
85710
69475
85708
69482
65092
65093
65091
64439
64887
85731
85713
168311
65100
65106
65110
85716
85727
64787
65113
65107
65097
85729
85715
85719
85714
65125
65111
65094
193663
85717
85730
85726
139143
65128
65104
65096
65112
85725
85723
85722
65101
85728
65116
65114
65123
126096
85720
65109
65102
65120
65105
65103
65119
64743
65098
65115
65095
85724
85712
65126
65129
65124
65108
65127
65121
193664
64888
64889
193665
128184
126141
85735
85750
64749
85738
85755
64890
85757
85737
85746
64894
64896
64738
85741
64893
64897
64689
64745
64744
64892
64747
85758
64754
85744
64895
193666
64748
134179
85739
85751
191990
85736
85745
85742
64891
64753
64740
193667
64757
64746
64898
64750
85753
64751
64755
64438
64741
209222
85743
85756
64756
64752
64759
64758
126098
64742
85748
64788
85770
64919
64922
64901
85786
85775
64929
64924
64925
64928
64912
64940
85769
64930
85780
85782
64790
64923
64915
64913
85766
85762
64910
85776
64931
64905
64906
64920
85790
64909
85787
64904
85765
64908
64921
85783
85763
64789
85764
193668
64900
85768
64926
85777
85788
64899
85773
64917
85785
85772
172333
64907
64916
85778
64939
85774
64903
64902
85784
145527
64911
85767
85789
64927
64918
85771
64791
64637
64914
85803
64956
136120
64951
136121
64942
85797
85808
85804
64953
85801
85791
64936
64946
64962
64781
64966
85800
64964
64948
64944
64933
151611
85802
64959
64941
64934
64957
85805
64961
64945
64947
64943
85793
64960
85799
85795
64963
125182
64952
85792
64954
85807
64932
85794
64950
64949
64955
161111
64800
64802
64806
64804
64805
64796
64803
64793
64794
191991
64587
64795
64798
64808
64792
124884
124942
124943
124885
85821
145313
85809
85827
136139
85814
85822
85812
85820
124886
85823
163951
193669
85817
85829
85816
85813
85810
85819
85815
85825
224123
85826
165331
85828
211065
64799
64604
124903
124888
124887
227905
64593
65006
64614
125051
64612
65005
127710
65013
65000
64595
64601
65012
125052
65014
64602
64990
64597
64592
64594
192021
64999
134159
65008
64611
64590
64591
65009
64995
64606
64997
64608
65003
65001
145337
64992
65011
64600
65015
64988
64609
64598
65010
228119
64610
64991
64993
64603
64607
64589
64994
192022
65004
64613
64599
64596
65007
64989
64605
65002
125968
64782
136140
125054
136122
136141
64474
64767
64441
64783
64697
64777
64454
64468
64458
64692
64466
64443
64467
64456
64476
64478
64477
64779
64440
64775
64776
64449
64460
64451
125469
64763
64784
64469
64461
64463
64446
64473
64769
64442
159270
64765
64770
64774
64470
64465
64453
64447
64452
64444
64764
64693
193671
64459
64780
64691
64448
134301
124960
64445
64455
64475
64778
64698
64464
64450
64771
64462
64694
64696
64472
64766
126133
134302
192023
134319
134303
124945
124940
64701
125061
64700
64708
64709
64711
125066
124936
64712
125062
124941
124949
64705
124937
64710
64719
125055
64718
125060
125057
64703
64717
125065
125056
125067
124948
124938
124934
64715
124944
64707
64713
222901
64704
64699
125063
124946
64702
64714
133448
124947
125058
124939
124935
125064
125059
125472
134320
125838
64556
64493
64552
64544
124972
124973
64494
137921
64555
64566
64547
124950
64542
124967
124965
136123
64559
64548
124952
64541
64564
136143
124953
124966
64560
124954
64546
64549
64550
124968
64543
124964
64561
64562
124959
124956
124961
64565
124951
64557
64551
140092
124969
124970
64545
124955
124962
139263
136124
64539
124957
124971
64558
134321
125871
125839
125869
124992
124889
133427
124898
125192
64644
124910
124890
140244
64639
64650
124900
124913
124906
64641
227903
124909
193672
210337
124892
64653
124901
124902
64652
125005
64654
124893
124896
128011
124899
124905
64642
64647
124897
64643
124891
64645
124911
124904
125775
124894
125339
145026
124908
211017
133420
124912
124907
133421
136145
136146
136126
136144
228319
125003
124977
228317
125902
125875
125906
139164
125847
125851
125840
124985
125901
125844
124991
124986
124999
134200
125909
125873
125876
193673
124994
125846
134202
124996
124979
193674
124998
124976
125859
125857
124981
124980
134201
125903
125000
139224
124995
125874
125900
125870
124984
125856
125849
141384
125843
167033
124997
138103
124982
125852
127997
125010
128059
128037
125026
125024
159294
125028
125019
125006
125008
128042
128061
128043
128038
131269
125020
125029
127996
127994
124914
128044
125027
128050
125007
128049
149611
125011
125030
128048
125017
128041
128046
125025
128047
128039
128036
128040
125031
127995
128045
125022
125009
125018
128179
128051
128035
125016
125013
125023
128052
140184
128062
124843
124842
141984
134323
134322
128013
128004
124864
124859
124858
124849
124856
124862
128005
128016
128010
124865
128019
124860
124854
127983
128015
124846
128000
124857
128001
128006
128007
128003
124844
127982
124847
124863
128012
124855
128017
127980
128002
127999
124848
124861
127987
128008
124850
124845
127984
124851
127981
128014
128018
127985
124852
128009
124853
124883
124866
124882
124877
124868
124872
124871
133428
133423
124879
133424
133431
133426
124876
133422
133430
159277
124881
133439
159268
133425
124869
136360
124870
124867
125300
124873
124874
133429
125315
133432
125301
125306
133467
133446
133463
133442
125309
125327
133464
133433
133466
133434
125302
125313
133436
125312
125308
192035
133471
133438
125303
133470
193418
133461
133435
133441
133462
125317
125318
133468
133445
125307
133469
133443
133437
125328
133465
125304
125326
125323
125329
145284
125299
133459
125310
125316
133460
193675
125320
133440
133444
125324
125322
125319
125311
125305
125314
136379
136361
125910
134181
134207
140185
134203
129612
134183
126028
134206
134211
125866
134261
134210
134209
192728
125996
134180
134185
134280
134263
134182
134204
126036
150191
125868
125992
125997
125995
125994
134184
164492
125877
138543
125864
125899
134212
134260
125991
134281
134205
126060
134186
134279
125905
134208
134262
127782
134329
128120
134327
127781
134332
127775
127787
142127
134336
134331
127772
134311
193677
127774
134334
128123
128121
127784
134325
128122
134307
127786
127776
127777
192729
136519
192036
134324
127780
134305
134335
134308
134328
134304
128125
134309
140464
127783
127773
127785
136127
162673
134330
133599
138645
136150
136148
136135
136128
152072
136138
152077
136137
152071
136149
134347
136155
136136
136153
152030
138646
136147
136130
152022
152024
136132
136162
134000
152025
152074
136165
136160
152026
133473
136151
136129
136131
152021
141127
136152
140168
136134
136154
152023
136159
136163
152029
152076
152075
152027
136161
138647
133919
131274
138648
138649
152073
152020
133494
136367
131323
131328
131327
136383
131322
133475
131304
136390
131321
131273
131329
136388
136387
131319
136393
158812
136386
136380
136365
131325
131320
136369
136363
136384
131278
131302
133474
133920
140169
136362
136389
136364
131277
136391
136382
136381
136394
131272
131326
136392
131324
136385
138650
133509
138513
138528
138524
133581
138508
138530
138534
138515
192678
133511
133504
133506
133495
133496
210335
138507
138526
133505
138516
133501
138504
133508
133455
138525
133510
138532
138531
138509
138523
138514
133582
133513
157121
133497
138506
166532
133498
138511
138529
138512
133502
138505
138510
138503
133514
133516
133503
192680
138527
133512
138651
139589
133953
133979
138652
133922
133944
138633
133950
138658
133955
193678
142774
133923
133943
133945
133959
138662
138625
138653
138629
138666
138657
138668
133926
133924
139588
133941
134160
138663
138628
138664
135559
138632
138660
133957
134187
142128
138626
138665
133928
138656
133929
134020
134282
228315
133949
133927
138659
160991
138631
133951
133921
133958
133946
138655
133925
138654
133952
133948
140282
134312
139592
148075
134340
139597
139723
134343
134318
139626
134339
139611
139612
134360
139624
139598
228331
140264
139607
134316
134350
134354
134337
139628
139600
134348
139613
134346
139601
139614
139606
134345
134314
134361
134313
139629
193679
227901
139616
134366
139596
139625
168411
139605
139609
134362
134368
134353
139632
159165
139804
134367
134351
139594
139617
139595
139593
134349
139623
139615
134317
139591
139610
139630
134352
139590
139627
139608
139602
139633
139631
140265
140266
140245
228313
134342
134341
140283
140291
135840
135838
135859
135837
135844
192687
140254
135834
140314
227899
140310
135881
140292
140281
135801
135789
140304
196527
140277
135788
140303
140261
140290
138825
140258
135791
140468
135786
135783
140248
140305
135831
140306
140284
140252
140259
135836
135830
135799
140311
135793
135807
140260
140253
140251
140276
192682
140285
140313
135784
135804
140272
135785
140275
135790
140307
140267
140256
140279
140286
140309
135805
135839
140269
140274
135842
164611
135803
192685
140250
136520
140255
135835
140246
140249
140280
140287
140247
135787
140288
135832
136193
135782
136559
135833
135792
140289
140270
140257
146711
149517
141518
141510
141535
141531
164252
141475
136220
141520
141511
141522
141536
141514
141473
141532
136202
136204
141468
141521
141465
141464
136206
136190
136196
136203
141530
141472
141515
141529
141512
141461
141526
141509
141519
136200
141517
141534
141528
141533
148475
141466
136192
136197
136201
141508
141471
141459
141460
141523
141474
136208
136194
136191
136207
141467
141513
141527
141469
141470
136209
141458
136205
136189
141462
136119
141463
136195
141524
141525
141516
136219
135802
136486
141503
136500
141479
136502
136480
141478
136485
137922
141501
141504
136506
136479
136509
141496
141491
141490
141499
141477
141497
141500
141489
136508
136499
136501
136488
141488
141495
141482
141486
137941
136482
138423
136483
140170
141498
227897
141483
136512
136514
138433
138147
141487
138670
141492
136507
136487
141480
141481
138434
141494
141493
136503
136489
136513
136511
138129
141505
141485
136481
141507
141502
136484
141506
141757
138125
138138
141720
138124
141729
138130
141709
141724
141730
138391
141727
138424
141404
141759
239659
138157
138390
138426
138132
141721
138148
141763
138140
140067
138143
141761
138145
138155
138134
138425
138149
138151
141715
141728
141707
141718
141716
141719
138152
138137
138144
138146
138133
138427
141756
138126
138135
138150
138389
141723
138136
138127
141755
141708
141762
140048
140047
141758
141717
141722
146456
138128
142109
138436
138674
141740
138431
141736
142105
142103
141744
141732
142101
142107
142112
141752
141749
141743
141726
141742
141746
141725
142099
141751
138483
141733
141750
138673
142104
141738
142098
138636
141737
142108
138637
140609
138634
142111
142106
138672
138428
141734
141747
142102
138430
142110
141748
138435
138638
141735
142097
138671
138675
141741
138432
141739
138635
138976
139248
138990
142204
142291
142290
140171
138995
138975
138993
138971
139247
142298
142287
138988
138992
138980
139003
142286
139023
138981
142294
138989
142295
142293
138991
142301
140124
138969
138982
142288
192691
138978
138966
138983
142297
140173
138970
138973
138974
142292
138964
138994
138985
142296
140172
142304
142303
138979
142289
142302
142300
140203
139179
142503
139185
139199
139173
142512
142482
142487
139184
139183
142496
139170
142479
139200
142506
139176
139197
142493
142505
139202
142645
142490
142494
139172
140068
139167
142515
142514
142489
142491
139175
139189
139198
139168
139190
139166
142483
142510
142488
139906
139174
142497
142502
142484
142511
227895
139193
139169
142499
142509
142486
142481
142500
142513
139171
139180
142480
142492
139165
139187
139181
139194
140884
142508
139195
139191
142507
139182
139904
139905
142485
142498
139186
143217
139743
139443
143215
142569
140069
142616
142577
142566
139622
139637
154835
139640
142568
139621
139641
139663
142574
142620
139635
139619
142624
139643
142575
139638
139636
142567
139618
139646
139620
139642
139664
142564
139647
140469
142618
142570
142572
142627
217557
142621
142617
142571
142625
140049
142623
140125
139649
142619
140126
142565
139650
140070
142576
142573
142628
142622
140828
228311
140081
140186
140051
140103
142831
140060
140085
142819
140083
140084
140104
142810
142830
142817
142829
140071
140090
142821
142828
142813
140076
142814
140082
140075
140089
140087
228309
140054
140088
142818
140062
140080
140078
140079
140061
142824
140057
142816
142823
142809
140943
142820
140077
140072
142811
140091
140056
142825
142826
140052
140055
142827
142815
142812
142832
140058
140963
142822
140053
140106
140059
140086
140107
140066
140499
142792
142791
141104
142802
140479
142798
142801
140485
192697
140480
140504
140481
142806
142790
140486
142807
140497
140523
142800
143202
142797
140470
142788
140525
140488
209160
142789
140524
142808
142796
140472
140503
140478
142805
140473
140493
140482
140477
140505
140487
140492
142803
140498
140501
140885
142795
142804
140500
142786
140489
140496
142799
140474
140471
142793
140502
140491
142794
140476
140494
143210
140866
143205
143204
140873
140864
143209
140832
140875
140831
140862
143213
143212
140867
140872
140871
143201
143206
143200
143214
140830
140868
140863
143208
140869
140865
143216
143211
140829
143207
143203
143198
140870
143199
143197
140874
140495
146455
148313
140876
141337
141343
215825
215845
141344
143353
143341
141381
215831
141382
227893
143349
143357
215839
141341
215837
215841
215829
143356
143343
215835
143345
141339
143346
215833
215847
143348
215843
143358
215823
215851
215827
143350
143354
143340
143355
143351
215849
143339
143344
143352
143342
141338
215803
215789
141587
141595
215759
215819
143683
215763
143697
143687
215817
143695
215783
141589
215767
143698
215777
215799
215765
143692
215791
141584
215821
215811
143700
215781
143699
143702
192311
215795
215815
215773
215805
193685
143685
143701
215761
215813
215779
146776
143693
143691
141596
215807
143686
143690
215785
143688
215775
215797
215771
215787
141594
215793
215809
215769
143681
143682
143694
215801
215757
143705
193687
215727
215565
141897
215751
215591
215749
143703
215563
143680
143666
215567
143670
143660
215753
215559
143652
193688
143676
215599
143659
215739
143648
143662
143669
215747
215731
215553
215743
143656
143677
143707
215551
143661
143653
141896
215745
215651
215737
143665
143671
143672
215561
143658
215637
143655
141912
215729
215725
143657
143675
215755
215643
193686
143651
143663
143668
215557
215733
143704
143708
143664
143679
215735
215639
215741
143654
143667
143650
215555
215611
143709
143673
143706
143678
215607
193689
215583
143641
143623
215613
227891
143644
215641
149631
162218
143637
143639
143629
143632
215533
143626
215545
143633
143634
193691
143642
143628
142085
215537
143631
215531
143625
143636
166765
215535
142080
215573
143649
215541
215621
143638
143617
193690
215543
215547
143624
142086
215595
143622
160932
143630
215569
215605
215549
143643
215539
143645
143635
143618
143627
143647
144507
144531
215529
144511
215453
144530
215517
143608
193692
215525
143601
143584
143613
143610
142231
215499
143614
143604
143605
215615
215575
215647
143612
215629
143595
215509
143599
143590
215495
215513
227889
227887
215719
215581
215721
215527
143585
143600
143594
215589
215633
215519
215571
215521
215579
143598
215617
215523
237145
215649
215493
143597
215505
143588
143615
143602
144510
192312
215503
143596
215507
143607
143606
215511
143593
215515
215723
215601
143592
215597
143603
143611
143616
215497
215609
143609
215635
193693
143589
215585
215491
144513
215623
215475
215461
143896
193694
215715
142584
143895
145166
215485
143890
145157
146676
143898
215481
215627
215477
215645
215577
142608
215471
215473
215487
215625
215489
215619
143893
215463
143897
215467
215603
215479
215631
143892
215587
215717
215483
143888
143889
215469
143886
143894
143899
215593
215711
215713
143887
215465
215459
215457
215705
143983
143987
143953
143948
215679
142964
215703
143980
143957
143979
143959
215691
143956
142980
143944
143975
215683
215687
143949
143951
143992
143973
143984
215685
215693
143989
215675
143981
143952
143976
215701
143950
215695
215709
143982
143985
215699
143946
215455
215681
215707
143958
143988
143986
215697
142968
143947
215677
215673
143978
193695
143955
143954
157032
215689
144533
147174
144452
145528
144512
215663
215659
143107
144521
215669
215661
143106
144532
144520
144518
144516
144514
143109
215665
143110
215671
144515
215667
144536
144517
193696
144519
143104
143105
193697
143108
144534
215657
215655
215653
145526
143568
144445
143384
144506
143366
144457
144505
143369
144500
143371
228307
144453
144497
144509
145525
144504
144451
144496
144448
143375
143381
144503
144455
143376
144508
143372
144495
144454
144447
144449
144499
144450
143449
143383
144501
143370
143374
143377
144498
143379
143373
144456
143367
144502
143380
143378
144458
145498
143550
145522
145150
143549
145154
193698
145147
145164
143548
145156
145146
143567
145163
145155
145149
145111
145165
145151
145158
145159
143564
145524
145519
145520
143563
145162
143558
143544
143551
145160
143546
143552
145148
143545
143557
143559
145152
143555
145161
143561
145113
145144
143553
143565
145110
143562
145153
143556
145108
145517
143560
145145
143547
145518
143831
145516
145515
146453
146571
145102
143808
145141
143806
143845
145140
143829
143824
146051
145091
143811
145129
143818
145119
145095
143827
145114
145139
143842
145136
143815
143823
143835
143847
143817
145109
145132
143809
145118
145087
145126
145105
145120
143834
143822
145124
143839
143820
143821
143830
145089
145092
143804
145101
143826
143814
145133
143844
143843
143836
145127
145135
143833
145085
143816
145112
145099
145125
143812
145104
160131
145137
145090
145094
145131
143832
145122
143840
143846
145115
145121
145116
143819
143807
145098
143825
145096
145106
145103
145107
145117
145088
143841
145093
145130
145143
145128
145142
164976
143805
145123
145097
143810
143837
145086
145100
145481
143970
143966
145485
143991
143994
144009
145512
145514
144003
145494
145504
143963
144001
145492
144007
145513
145489
143964
143974
145488
144008
143972
145490
143960
145505
143969
144006
143993
143996
143997
145491
145500
145506
227885
145503
144002
143998
145483
144000
145502
145509
145510
145499
143995
143965
145495
145508
145482
143962
145511
145487
145486
143971
145496
143961
145501
145507
145493
144005
143999
144004
146675
147300
210755
145737
145747
144200
144232
144234
144201
144211
145744
145739
145658
145651
144208
144223
144218
144222
144229
145655
145746
144231
145736
193700
144207
145741
144210
144224
144228
144236
144233
159293
144221
144216
144199
144226
144213
145656
145749
144206
145654
149812
145652
145750
145742
192332
144227
144202
144204
184711
145748
144225
144219
144230
144215
144220
144203
149632
145745
144214
161753
193699
144217
144205
144235
145653
145657
145684
146247
145733
145731
144535
144539
145732
144444
144526
144446
144542
145730
145735
145729
144524
144540
144523
144525
144527
144522
145725
145734
228305
144529
144538
145728
145727
144543
144528
144537
146244
227883
146212
144713
146261
144702
144707
144694
146248
144704
144692
144710
144712
144695
144703
146249
144693
144716
144691
144696
146254
146253
146262
144708
146256
146259
146251
146246
146252
144690
144701
144686
146263
146255
144709
145251
144700
144699
144715
146260
146258
144688
144685
144711
144714
146250
147078
144697
146213
144687
144706
146211
144698
147008
144846
144868
146242
144867
146241
146231
146235
146233
144853
144850
146245
146232
144857
146991
145267
144865
144847
144854
146625
146225
144864
144855
144844
144849
144861
146230
146227
146236
144848
144856
144863
144866
146237
145250
144859
146234
144858
144851
144860
146224
146223
146226
146238
146229
146228
146239
146240
144852
146670
145262
145255
145252
146657
146653
145253
145263
146650
146661
146666
146652
149211
145259
145257
146656
146660
146662
145247
145249
146667
146663
145256
146655
146669
146651
146671
146665
145261
145264
145254
145248
146668
145260
146659
146664
146672
147007
146654
192343
145258
146658
145479
146648
146649
146645
146646
145475
145476
145472
145480
146647
145471
145477
146642
145478
145473
145474
146993
147010
146644
147365
145719
146997
146994
145724
145705
145723
147011
145707
145721
147002
147009
147012
147013
145711
145722
145712
147691
147005
145706
145714
145713
147018
145710
147000
146992
147014
146995
145726
147363
146643
146181
145720
146999
147001
147006
145718
145716
187143
147016
147017
145717
146180
146998
145708
147019
146996
145709
145704
147015
145715
147003
146164
146173
147341
147360
146169
228303
146154
146172
147354
147338
146167
146155
146162
147337
147357
146151
146175
146178
146165
146158
146161
147362
146166
147340
147339
147348
147349
147356
146160
146152
147364
228301
146170
147355
147358
147336
147361
147344
147345
147351
147352
146153
146176
146163
146179
147343
146171
147353
146157
147346
146177
147347
146156
147342
147359
146168
147350
192333
209216
209239
146311
147415
146312
147405
147399
146314
146331
147395
147401
147333
146334
146317
146332
146325
146333
146316
146336
147512
147407
147414
146323
146327
147403
147400
147409
146319
146321
146313
146326
146330
146328
147416
147397
146315
147402
147413
146335
147331
197585
147411
146329
146322
147406
147335
192335
147404
147398
147412
146324
146320
148934
146586
146587
146585
148765
148757
148753
146590
146592
148755
148752
146582
148767
148761
146589
148759
146576
146578
146594
148754
146597
148763
146588
148762
146595
146580
148766
148033
148756
146577
149011
148768
146591
148769
148751
146596
146583
148760
148764
146575
146581
146579
146574
148758
146737
240561
146733
240557
240539
240555
146731
146748
146738
224139
240559
240551
240533
240531
146751
146752
146735
240547
146749
240543
240549
240545
146744
146750
146741
146734
240535
146754
146755
146753
146739
146732
147079
146746
146742
146747
146743
240553
146740
240563
228299
240537
240541
224141
150054
228287
147467
192337
147462
147454
149506
149522
147451
149515
149525
147471
149514
149502
228295
147465
149497
147453
149519
147464
228281
228285
228297
149524
228291
149526
228283
149499
147457
147455
149521
228289
147466
147469
149500
149501
149505
149504
149518
149503
149516
228293
149498
149523
163126
149903
147195
147182
149865
192349
228279
147180
149872
149878
149868
147181
193721
147192
149905
147193
192376
149873
149906
147188
147185
149879
193723
147178
147199
149864
147198
149907
149866
193722
147194
149874
147186
149902
147187
148711
147184
147189
149901
147183
147518
150055
150035
150036
147369
150012
149091
147390
147379
149989
147374
150020
150016
149990
150031
192377
147393
147372
147375
150032
150023
147387
147373
150030
147371
150021
150025
150052
147370
150014
147382
147377
147386
147383
150028
147388
150017
150029
150027
147391
147384
150024
147389
147381
147367
150033
150013
150018
150051
147378
150019
150022
150015
147380
150034
150026
147385
150053
163150
150845
147609
147603
147595
150849
147610
147600
150822
150842
150841
147594
147619
147614
147605
147613
150818
147599
150850
147617
150847
147596
150848
147601
150819
150840
150844
150826
150823
147616
150820
147606
150843
150825
147612
147602
150824
147597
150821
150853
150851
150846
239289
147608
147604
147607
147598
147618
147611
147818
147840
147833
150871
150816
158461
150815
147817
192379
150854
147836
150838
150817
147839
150839
147820
147834
147812
150827
147842
147832
150828
147838
147837
147813
147841
150855
150829
193724
150830
150852
150837
147819
147815
147816
149411
147811
150856
166330
148196
151167
166332
147814
157215
157288
157280
157238
148214
148194
157285
148227
148195
148215
157282
157245
148222
148229
148216
148220
148232
157214
157240
157221
157264
157218
157216
152271
157247
148230
157242
157246
157220
148221
148233
148219
157286
157243
157270
148226
157269
157241
157281
157292
158627
148218
148224
148223
157287
157284
148197
148193
157244
157283
157219
148217
157217
148234
157291
148225
157598
157624
157233
148154
148166
157239
148161
157212
157211
157232
157234
157236
148165
148155
148156
157235
148163
157237
148139
157278
148143
157266
158156
157268
157231
157276
148158
148164
148168
148160
157213
157279
157310
157265
148141
157277
148138
148157
148142
148162
157267
148159
157293
148840
157617
157249
157251
157312
148842
148878
148843
148844
148881
157314
157311
148877
157289
148845
148886
193725
157295
148882
148880
157222
157223
149182
157290
157294
148846
159431
148879
148855
157296
148839
157250
148883
157224
148876
157254
157313
148884
148841
157615
149165
149164
149179
157616
149175
149180
157619
157612
157596
149161
149177
149172
149167
157611
157613
157590
149176
149178
157623
157622
149163
149170
157601
157621
157589
157614
149168
149166
149181
166325
157600
149174
157599
157597
157588
149171
149162
149160
149183
157618
149184
157620
157595
149173
159757
166326
166328
157909
157904
157900
157918
149320
149353
149343
149367
149369
157908
149368
157920
157903
149345
149317
157926
157923
149366
157936
157902
149342
157937
157934
157906
157907
149347
149373
157924
193726
149315
157919
157925
157905
149348
149374
149316
157922
192380
193727
149372
149376
149346
157901
158466
158478
149577
157910
163831
157921
209903
157151
149508
149491
149509
149492
149551
149531
157935
149527
157916
149536
157917
149533
157899
149512
149532
149530
149494
149493
158492
157898
149496
149576
149575
157896
157932
149511
157933
149528
149529
149495
157931
158477
149745
158458
150006
149741
158476
149740
149725
149723
150001
149714
149726
149733
158464
149722
149736
158487
149811
149751
149724
149739
149744
158454
149718
152291
149719
149876
158457
149732
149727
149734
158474
158488
158493
158490
149713
149891
158462
149715
149742
149731
149716
158472
149743
158891
158465
158450
193729
149869
149730
158475
158494
149720
149717
158489
150292
158463
158485
158455
158486
158453
149737
149735
158483
150002
158473
158491
158456
160429
150003
160430
150010
159912
149893
149910
159901
159931
159929
159883
149908
159922
159924
149911
150005
160432
159850
159900
149875
149867
159832
150009
159897
159833
159933
159925
149900
149895
150251
149899
192350
159920
149997
159934
159898
149898
150004
159921
149988
149897
159831
149894
159927
159928
149870
159923
159836
149999
159899
159915
149987
149892
159911
159930
149877
159932
159926
149896
159887
160305
160434
193731
150924
160307
150883
160445
193732
193730
150937
150926
150971
160427
150863
150877
160439
160308
150925
150882
150875
150933
150865
150879
160449
160435
209185
160448
150935
160446
150928
160314
160385
160444
160443
160386
160426
150939
150929
160440
160337
150934
150941
160389
150940
150938
160320
150881
150885
150927
160447
150936
160442
160387
152377
152391
160300
160455
160318
160391
160393
160291
152372
152363
152361
152360
160441
160321
160295
165073
160293
152393
160394
152359
152338
160299
160294
152364
152341
160302
152337
160297
152374
193733
152375
152373
152365
160298
152392
152340
160292
152349
152362
153119
153109
158293
153099
160436
153101
153100
153104
160306
153120
160304
153118
153103
153121
160431
160396
153098
153117
160395
160301
161171
153106
160303
160398
154214
154220
193734
154218
154221
160390
154234
160438
154213
160397
160437
154232
154211
154217
154233
160388
154216
160401
192386
154231
160433
160400
154219
193737
154364
154394
160403
160406
154397
160422
160415
154413
193736
154398
160411
154390
160051
160420
154403
160402
160416
160417
160423
160414
154415
160419
154396
160405
154412
154385
154416
154392
154366
154369
154399
160404
154389
160392
154367
154391
154393
160407
160413
154401
160428
160410
160409
160421
154404
160412
193735
154368
154395
160399
160425
160408
154411
160418
154370
154400
157099
157082
163148
157074
157115
157090
157111
157113
157094
157080
157098
161705
161708
161709
157089
157120
157088
161566
157097
161580
161173
161558
157076
157112
157096
157077
160831
157095
161563
157119
157093
161695
161559
161617
157102
193740
193739
157079
157071
157101
161692
161805
161710
161599
161604
161700
161701
161548
161706
161711
161560
161582
157087
161697
161699
161693
161707
193742
193741
157084
157073
161613
161605
161581
157117
161696
157116
161551
161702
193738
157085
157114
161606
192351
157091
161698
161612
154387
160319
161528
157255
161523
157300
216891
157253
161716
161713
161498
157256
157315
192352
157316
161611
161529
161712
161703
161538
157258
157261
161704
161721
157226
157272
157317
157259
157260
157230
157273
161719
193743
157301
161718
157298
157257
157320
157228
157318
162672
157299
161714
161518
157319
159452
161720
161601
157225
157252
161537
166304
157699
166327
166302
166324
162321
157831
157698
157679
157687
161730
157694
157657
157681
161731
157670
157648
157644
157710
157677
192354
157642
157647
157685
161735
157696
157684
161737
161726
161732
157709
161678
161739
161725
161717
157688
161729
157680
157649
157669
165054
157691
161728
161676
157707
161738
161736
157697
161517
157811
237143
161727
157643
157675
157650
157668
157666
157676
157678
161677
157686
161679
157695
193744
161519
161734
162243
158085
158096
158076
162303
158087
158094
162276
158080
158084
158095
162528
158069
158086
161071
158068
158091
158078
158082
162283
158093
158067
162415
162448
162236
193745
162419
162245
158066
162557
162288
158077
162309
162484
158070
158081
162305
158092
162480
164431
196525
162297
162490
162449
163723
163707
158534
158548
162606
158542
158544
162569
158517
158519
158553
162544
158547
192375
158523
158545
163714
158540
158539
158520
162605
158518
158522
162332
158549
158541
158536
162431
158770
158527
158525
158526
162357
158538
162614
162368
162584
158546
162578
193747
158550
158543
158551
162414
158521
158552
163712
162409
158537
162336
193746
163669
163699
158773
163702
163678
158787
163695
158769
163685
163700
161771
158771
158753
163682
158766
158752
158774
158765
158764
158767
158775
158789
163689
158788
158776
158772
158790
163673
163713
163697
158754
163670
158768
158751
163694
163724
163721
163708
163706
159440
159467
163710
163717
163709
193749
159459
159438
159442
159457
159437
159449
159463
159462
163722
163716
159444
159460
159464
159455
159441
159471
159436
159466
159446
159447
163711
159445
163715
163705
159443
159454
163720
159465
163719
159448
159456
163718
163704
193748
159458
215197
164235
159422
164211
215181
215187
164212
215191
159404
215189
164238
215199
215173
159425
164231
164237
215195
192392
215185
159631
164241
193750
159450
164240
159420
164232
159426
159403
215177
159424
159405
215183
215179
164239
164213
159468
164233
164214
164242
215171
215207
159423
215175
215205
159840
159801
159919
164547
164515
164530
164529
164552
164549
159943
164550
159841
164528
164532
164551
164545
164534
159940
159916
164531
159918
159876
159944
159942
164554
159941
159906
164533
163059
159882
164546
159917
159896
159939
193751
164548
164516
159835
159902
164571
159938
164575
159834
159790
159936
159904
164535
164555
159935
164572
159905
159903
159837
164553
159937
159793
159829
159830
164573
164536
193752
164517
159802
164537
164519
186639
160212
186633
186636
186640
186641
166766
160196
164518
160193
164538
160213
160186
186637
160185
160214
160183
164574
160195
160211
192400
186638
160189
160190
160188
160197
160187
193753
163149
160252
160174
164769
164758
160204
160247
164751
160234
160172
165291
160209
160205
160239
160248
171822
164795
166873
160236
161630
164794
164759
160177
160206
160242
160243
164793
164754
164772
164757
160250
160207
164796
164792
164770
164756
160171
164783
166855
160251
160244
160241
164781
164791
164760
160249
164752
160246
160238
160240
160210
164755
160176
164782
160173
164771
165213
160708
164765
164762
164774
161022
165184
160681
160699
164779
164761
160709
160698
164768
164775
160678
164766
160713
164773
160685
164776
160702
164778
164764
160700
164780
164767
160716
160684
164763
164777
160706
160701
161013
208755
160711
160686
163125
160710
161023
161015
161051
161014
161025
164236
165204
161019
161031
165189
161016
161027
161017
161026
165170
165205
165201
161032
165169
165203
165223
161024
165202
165211
161020
165220
161029
161033
192393
161018
165167
165190
165200
161021
161028
161030
165192
161221
165219
161214
165161
165212
165187
165160
161192
161216
165185
161193
165197
165193
165183
165214
165216
161217
161194
161220
161195
161196
161219
161213
161218
161215
161211
165217
211699
165182
165199
161635
165198
165181
161212
165218
165196
165194
165186
165215
166802
161656
161666
161631
161660
165195
165574
161662
161653
165563
165569
165570
161655
161654
165589
165603
165553
165568
161665
161640
165557
161507
165591
161637
161627
165577
165587
165585
165559
165586
161663
161664
165588
161633
161506
161636
161508
161658
165590
165579
161650
165584
165582
165581
165580
161661
165560
165554
165556
161638
165558
165576
165583
165561
165565
165566
161634
161629
161639
165562
162492
165622
162638
162598
165611
165604
162643
165633
162632
162646
165613
165592
165608
162498
165612
165600
165605
165619
162640
162645
162562
165620
165621
166783
165594
162582
162475
162483
165616
165601
192402
162609
162527
162510
163571
162635
165610
165597
165614
165615
165602
162592
162644
162642
165609
165618
165596
165631
162639
165617
165595
165607
162591
165598
162641
165632
165599
165606
166734
166781
163546
166782
166295
163515
163572
163549
163529
163530
163498
163522
167071
163518
193754
209176
167052
167079
167074
163560
163547
163537
163519
167051
163495
163493
167081
165072
167053
165008
163496
163564
167082
167077
163543
167072
167076
167055
167054
167078
163563
163499
163558
163569
163501
167073
163534
167080
163557
163532
163548
163550
166778
163562
163731
186648
166774
166772
166777
186650
166733
163738
163729
186649
166771
166779
186642
166800
166776
163735
163734
186645
166780
166872
166746
166801
163733
163730
163740
166796
163737
186646
166775
163736
163732
186643
166773
166799
166769
163739
186647
186644
166798
166797
166770
163727
163726
164311
186651
163896
163906
163912
163877
167259
167258
163898
163902
163879
167261
167288
167252
167284
167238
167281
167253
163891
167237
167251
163899
163901
163911
167265
167264
167260
167256
167286
167254
163893
167287
163904
163873
163874
163880
167269
163909
163878
167266
163895
166297
167232
163900
163872
192395
163903
163871
163908
167267
167263
163905
167268
163910
163897
167270
167285
163876
163907
167239
167231
167262
163892
163894
167257
167255
163875
164177
167291
167236
167271
164196
167282
167242
164182
164192
164171
209143
164183
167234
167240
167290
167295
164195
167292
167273
164178
167289
164175
164173
167277
164199
164198
167280
164193
167275
167272
167278
164174
164179
167235
164181
167294
167233
167276
164194
193755
164197
167274
164176
167241
164180
167330
164325
166298
164323
164328
167357
167300
164317
164314
167299
167245
164351
164326
167354
214655
167309
165295
167351
167248
167247
167243
167335
164320
167311
164318
167359
167306
167303
167302
165851
164321
164931
167362
167249
167293
167298
164315
167279
167355
167336
167305
167307
167297
164322
164331
164319
167246
167308
167301
167358
164332
167360
167304
164316
167353
164312
167356
164544
186665
167365
186662
167315
164521
193756
167312
164542
167314
167313
167368
167310
167338
186664
167367
164543
164522
167319
167363
164540
167361
186663
167316
164541
186666
164527
164539
164526
167318
164523
167352
167364
164520
167317
186667
165137
167366
164654
167340
167322
164634
193757
167323
164656
211697
164636
164631
167331
164651
164637
164633
164659
167321
167371
164639
164660
164653
167324
165293
164652
164635
167320
167337
164657
164658
167339
164811
164998
167370
167325
164844
164805
164819
167328
164845
167326
164813
164817
167329
167332
167327
164804
167507
167334
165175
165159
167541
165158
167369
167333
165209
165207
167547
165176
165210
167511
167549
165208
167512
167546
167551
167552
165174
167513
165157
165153
167553
165225
165179
165180
165222
167510
165224
167543
167550
165177
167508
167514
167545
165178
167548
165634
165155
167544
165221
167509
167500
165454
165451
165431
167443
167441
167493
193759
167448
167445
167498
167499
167497
167446
165438
165435
167447
165432
165458
165437
165433
167496
