167505
165434
167449
167450
167503
165461
167502
167495
167501
165455
165456
167506
167504
165460
165459
165457
167444
193758
165453
165436
165772
165775
165777
165755
165771
168362
168364
168363
165781
165756
168358
168365
168360
165754
168356
168355
168368
168361
165773
165782
168357
165757
165776
165753
165780
168359
165751
165774
168366
165779
165778
168367
165931
165924
168349
165921
165917
168345
168352
165918
165922
168333
168347
168341
168351
165923
165915
165911
165920
168331
168340
168343
168338
168350
165913
165925
165912
165916
165926
168335
168339
165934
168354
168334
168337
168332
168342
165929
165932
165933
168336
168348
168344
168346
165927
165914
165919
165928
166363
166319
166370
166361
168594
166360
166349
166335
193549
168591
168618
168573
192397
166359
166348
166346
166372
168595
168621
168593
166347
166371
168623
166374
166369
166310
166366
168582
166364
166362
168572
168620
166350
168622
168592
166358
168571
166333
166376
166357
166367
166368
166337
166365
166375
168596
168624
168625
166355
168933
166474
166719
168932
166511
192399
166473
168934
169244
166491
166476
168917
166478
168941
168914
166471
168936
166475
193761
168912
192398
168939
166516
168916
168938
166517
166518
168911
166477
166493
168935
203744
166495
168942
166514
168931
166494
166513
166472
166515
166496
168937
168913
171994
166954
166951
166950
166965
169248
169238
169249
166952
169231
166961
166971
166943
169247
168232
166962
166973
166959
166945
166953
166970
169239
166956
166960
169236
169234
169245
166957
169243
169242
169235
166963
166964
166947
166967
166972
166974
166958
169233
169241
166966
166946
169246
169237
190760
166948
166942
166949
169232
169252
169251
167191
166955
169240
192804
166722
166731
166753
166715
166730
166726
166729
166711
192802
166732
194920
166724
169577
169654
166716
166751
169573
166721
169578
166714
169575
169571
169580
166725
166718
166803
166713
166747
166717
169574
169572
166712
166720
169579
166727
192803
166723
166728
166979
168153
170368
166987
170366
170369
170367
167192
166981
170412
192836
166988
170375
166980
167891
166931
166990
170397
192837
166984
170386
166976
170405
166983
166977
170398
170414
170389
166982
170370
170687
170349
166941
166932
166986
170387
170400
166978
170403
170390
192834
170415
170388
166934
170376
170399
166985
192805
170707
170714
167434
192833
167478
170704
170711
167492
170708
167491
167477
170731
167578
167472
167494
212107
170702
170703
170712
193171
170696
167439
170700
167480
170705
167438
170713
167479
170698
170701
170695
170699
167436
170697
170715
167931
167435
167474
170774
170798
170792
167455
167453
170800
167452
167524
170791
169086
167518
170796
170799
167521
167451
167515
167520
167454
167523
167516
167457
167517
170793
167458
170794
167519
170795
170760
170777
170756
170801
170757
170809
167820
167839
170759
167829
167864
170754
167848
170773
167838
170812
170771
167823
167841
167834
167850
170811
167853
167843
170758
167860
170778
167826
170810
170762
170805
167824
167854
170802
167846
170803
167862
167836
170772
170752
170807
170761
167832
170797
170753
170804
170776
167856
170763
170751
167833
167861
170775
170808
170806
167821
190844
170755
167819
190894
171056
171057
171012
192812
171011
171008
168105
171055
168071
171006
171001
171003
168078
168094
168102
168095
171052
171010
171004
168093
168075
171051
168072
171007
168106
168091
193173
168077
193172
168104
168092
168074
171002
168107
168098
171005
171009
171031
168097
168101
171032
168103
168076
171995
168073
190913
170967
168432
168440
168435
170997
192828
193174
168437
170969
170973
168434
170966
168446
168445
170994
168439
170993
170992
170971
170996
168433
170968
168448
171000
170970
168447
168438
168443
170999
170991
168431
170998
168444
170972
168441
171784
172332
171993
168574
168619
168605
168577
168611
171069
168597
190610
190388
190366
190917
193175
168575
168615
190633
190589
190919
168581
190566
190567
190299
168617
168602
171773
168601
168580
168609
168579
191327
168610
190361
190383
168616
190291
168613
168600
171064
168607
168604
168606
168612
190634
190298
168599
168603
168578
190581
171277
171279
171258
171256
171271
209205
191985
191114
171272
191995
191138
171285
168798
191282
190655
191159
171274
171275
171273
171254
191130
171257
209213
191242
171251
171252
191115
191308
171281
191263
191137
169474
171284
192028
171280
171283
171278
191221
191285
171253
171255
171282
191093
209156
171992
169067
210379
169065
171759
169090
169063
171781
171782
169031
171772
171750
171783
169091
169036
169035
171760
171779
169040
171758
169033
169089
171774
169061
171777
169039
169064
171756
171778
171776
171748
169070
169037
169066
171780
171771
171755
171754
171749
171753
169041
169034
169038
171775
171757
169210
169088
169131
169062
169068
171729
171786
171792
169485
171789
171790
169198
171751
169207
171730
171746
171761
169202
171787
171747
169201
169211
171791
169203
169195
169200
209180
169193
169212
169206
171745
171762
169196
169194
169205
169199
169209
169197
171788
171752
171785
169204
169492
192069
172372
169479
172462
171915
171911
169484
169481
169477
172463
171998
171924
171926
171922
171921
169494
169496
171914
169483
169472
171912
171923
171927
171999
169476
169478
172460
169480
171913
171928
169495
171925
172461
193176
171997
169493
171920
172459
171916
172000
169832
171917
171918
171919
169491
171996
171991
169634
169498
171990
192072
169627
172457
169616
169596
171986
169621
209244
169631
169622
192074
169594
169614
171975
169618
169593
169617
171972
171983
171980
169629
192073
169625
171984
169620
169624
169630
172458
171988
171989
171987
171971
171981
169615
171974
169628
171982
169595
171985
171970
171973
171976
170639
171978
169613
171977
169597
209227
172008
192087
169623
171979
169626
172017
170378
170395
170150
170451
170472
171957
192106
170182
172044
171966
171954
171956
172455
171969
171962
172456
170471
172016
172435
170151
172007
171963
172045
171951
172454
170180
193177
170147
171953
170181
170130
170152
170146
170165
171967
170166
171961
170168
171968
172434
171959
171955
170170
170453
171964
171958
171960
170167
170163
170454
170142
172048
170164
172047
170154
171965
172049
171952
170162
170148
172046
172042
170144
170153
170145
170452
172050
172043
170595
172030
172039
172433
170632
172035
170633
228811
172010
170636
170593
172034
172011
172036
170599
170615
172031
172032
170594
172432
170602
172038
172033
172029
170637
172037
192120
170592
170651
172040
172431
170631
172041
170600
170612
170601
170638
193178
172015
192119
170611
172027
172025
172028
172026
170591
170616
170596
172024
170634
172023
172020
170614
172012
172009
172014
172392
172430
172019
172013
172022
170617
172021
172018
171935
170880
171941
172424
170904
172421
172003
172005
170875
170877
172423
170887
170879
171940
172592
172426
170882
170906
170885
170897
172002
172001
170876
172422
171937
172419
171938
170886
170878
172427
209137
172425
192137
172006
172428
170883
172420
170898
171939
172004
170899
170905
172429
192164
170881
172501
170900
172418
171936
170884
172417
172502
170874
170901
171138
172412
172414
172413
170960
171151
170962
171143
171931
171934
192186
171139
172411
171933
170959
170961
170964
171929
171144
171932
170951
170965
171142
192185
170963
172415
171141
172416
171930
192189
172371
170956
172498
170957
170953
192208
172299
172300
172297
172497
170954
172499
172298
172500
170958
171137
172479
171472
172478
171237
172491
173212
171210
171225
172488
171232
171242
172489
173213
171187
171215
172496
173194
173214
171217
172493
171339
171209
171231
192209
171206
171241
172494
171233
172473
171186
173191
190657
171188
171226
171223
172495
172492
171214
171227
172470
171213
171207
171190
171212
172487
172486
171240
209228
172483
171224
173192
172477
171238
192232
171235
172481
172471
193179
172480
230413
172482
172476
171211
171216
172475
171236
172485
171221
171220
172474
171222
173193
172484
173211
172472
171600
172620
193181
171333
172467
172633
172469
190677
174102
172627
172598
171331
171338
172629
174107
174104
172596
171457
171531
174103
172630
174109
174081
171336
172466
171332
171354
192236
192254
171352
192259
174108
172631
172632
171423
171455
193180
174105
171426
171458
172628
171337
171459
172464
174106
171425
171456
171334
172465
171335
171428
171340
174082
190678
171454
171424
171452
174135
171451
171453
172597
171798
171471
172625
172613
172615
171496
172616
171475
174087
171492
171494
172611
172618
171491
172612
171478
171495
171476
171497
172617
172626
171473
171477
172619
174099
172593
174088
172591
172614
174133
174137
171474
172624
171493
172621
172594
174090
174131
172622
172623
174132
172994
172992
172998
171597
172986
171578
174083
171591
172304
171598
171594
171575
171572
171599
171580
171574
192310
172975
171573
171577
172993
171765
171571
173002
172991
172999
174134
172962
172970
173000
172979
172963
171581
172968
171582
172967
172977
171583
172985
174114
172965
171601
172995
171593
173011
171551
173012
171579
192309
172964
171592
171576
172978
172976
172966
172997
172969
172996
174113
173007
171623
171624
192334
171642
190699
171639
171635
171628
172980
173009
173010
171641
174115
171655
172983
171634
173001
193182
171620
171637
172984
171622
171630
171653
173008
173005
173004
173006
171638
173003
171627
171618
172981
172982
187136
171625
171640
187137
171629
192353
171626
171652
173013
187135
172303
187434
171821
180406
171808
180409
187202
180415
187433
171831
171804
171794
171795
187200
180414
180392
209170
187152
171810
187199
209212
186747
180395
180405
187203
187431
187153
187195
171811
180401
171833
171764
171817
180411
180393
171793
180396
171818
171812
171769
180397
209139
180404
180394
171809
171814
171832
171796
171768
180412
171766
171800
187151
180398
180416
180410
171819
171803
171801
171797
171813
180408
187197
180400
187198
171820
187432
171816
171815
171802
171805
171767
209197
180413
180403
171806
180399
180407
174119
187208
172077
174123
174122
172083
173800
172080
174124
173927
174112
173833
172060
172085
174085
172061
172055
174118
172082
174121
187435
174128
187209
172054
174125
174126
173834
209233
172056
172052
187206
172053
172074
172059
172058
172076
173926
173799
173832
172079
172081
172073
172075
172084
172072
172051
174127
173954
172057
172071
173835
174084
187205
172078
209199
187437
172234
172230
172216
175599
173941
173921
193184
172223
173943
173951
175623
173925
173953
173947
172305
175600
173944
173942
172218
193183
172227
172215
173948
172225
173950
173952
172310
172214
172307
172219
196521
172222
172213
172308
172229
173922
187211
173916
172217
172452
173949
173940
173923
175624
172221
172228
172311
172231
172232
172306
172220
173945
173919
173939
173924
174086
172233
172309
172212
174129
176223
173931
172453
175621
175622
209147
172442
172444
172440
175616
173937
172443
173933
187440
172450
173932
173936
175620
173917
173938
173914
172437
172449
172446
173935
172441
172447
175601
172438
172451
172439
172436
173918
175598
205597
172546
172536
175619
174839
172535
172549
174837
175617
172545
172534
175593
175594
174838
176262
175613
172537
172547
172551
175592
172532
176222
176260
176261
174836
172554
172531
175615
174835
176229
175591
187450
172553
175595
172538
172533
172542
175618
176230
172544
175597
172543
172571
175596
172552
172541
172540
175614
172550
172539
172555
172572
175612
175611
177467
172680
174844
205595
174846
172684
193186
172699
172685
176228
176227
205582
205593
176253
205578
176225
176221
176257
176258
176224
174841
205587
205598
176218
176226
205579
205594
176254
172657
174840
174845
176252
205581
205588
205589
205596
205585
174843
176259
205583
205584
205592
193185
172679
205590
205586
205580
174842
174847
176219
205591
205599
176220
172704
172682
215167
176255
177466
205603
177465
193187
172716
172724
172741
172723
177489
172720
172746
172754
172753
177322
172721
172739
177475
177288
177323
177320
172749
172713
172736
172748
177287
177319
177481
177488
177483
177332
172717
177479
172745
177484
177464
172751
172711
177289
177333
177459
172801
172800
172718
177486
177487
172787
172733
172712
172738
177290
177324
177476
177321
187457
177482
172737
177461
172750
172731
172722
172742
172715
177317
177463
177316
177478
177331
177477
172743
172714
172744
172734
177318
177480
187456
172740
172732
193188
177485
177325
177462
177460
172973
173015
177284
228793
172961
228787
230237
172952
177285
177286
177278
172960
172971
172987
172988
172974
177315
177311
228771
177313
228773
177314
230235
172959
172956
172958
177306
228789
228777
228775
172951
173017
172972
173014
177312
228791
172957
172955
172954
173016
177283
172953
173174
173159
173130
173156
173128
173148
173157
173160
173852
173915
173850
173910
178726
173129
173152
173154
173934
173908
173151
173150
173173
187213
173890
173147
241255
173155
173805
173851
173913
173807
173912
173171
173127
173158
173149
173904
173126
173905
193189
173146
173123
173125
173907
173909
173153
173808
173911
173903
173806
173809
173848
173849
187214
173324
173272
173334
173847
173271
173322
187254
173842
173337
235899
173294
173296
173318
173326
173803
173836
173293
173273
187253
173839
173319
173323
173801
173843
173274
173295
173275
173841
173336
173845
173292
173837
173276
173844
173840
193190
173838
173320
173335
173804
173325
173802
173277
173846
187469
173317
173630
173627
173626
173619
209252
173621
187238
187235
187250
187249
175276
174849
187242
187244
173618
187252
187237
192446
173623
187236
173624
173620
193191
174848
187248
187239
187251
187240
187243
173635
173641
187246
173632
173628
173634
173642
173637
187247
173638
173631
173633
173640
173625
187245
173639
173636
173629
192493
192495
192466
174853
173612
192451
173607
174859
174852
192454
192480
192469
173616
192475
173617
174850
192479
192486
192458
174851
192482
173592
173608
173605
187474
192457
175525
192448
192467
174856
192459
192460
173615
173599
174854
192490
192464
173613
192477
173597
173606
173604
174857
192488
173591
192462
192456
192491
173600
175246
187475
187473
173598
173595
173609
173594
173596
174858
173614
173601
192455
173611
192450
192484
174855
192497
187318
187314
187351
187359
187316
175170
173756
187310
187358
187312
187353
173757
192511
192505
173779
187315
209178
187476
187322
173775
187329
173777
173780
187350
187325
173776
173764
173774
173749
187355
192507
173763
187311
187313
187320
173760
209163
192508
173767
173750
187323
204208
173773
173762
187357
173759
187352
192503
187327
187328
187354
192510
173758
187324
187326
187317
173746
173772
173748
187360
173778
192513
173765
173761
187365
187393
187399
174806
174803
174781
174801
187363
187390
187362
187398
209215
187364
187369
174777
174797
174779
174796
187391
174825
174713
187478
187400
187397
187479
209217
174780
174804
174799
174778
174776
174782
187388
187368
209198
187366
187389
174807
174917
187392
187401
174802
187396
187480
187394
174914
174892
174902
174895
174918
175502
175512
177770
187402
174903
174893
174915
174920
175515
174921
174900
187405
187406
187404
175517
174912
174898
174913
174901
174919
175501
175503
174896
174891
177767
177766
174911
174916
174894
175505
177768
177765
174899
209188
174897
174922
175518
175514
187403
177769
175521
187418
175516
177773
177772
177779
187482
187426
175039
177777
187422
175018
175031
175037
177780
177778
175040
175038
175524
175508
175510
175048
175044
177774
175522
187483
177775
187481
175520
175046
175045
175523
175032
175506
175047
175015
175011
175049
187487
187423
175043
177776
175519
175017
187419
175042
187425
187484
187486
187485
175033
175360
175491
175492
175136
175537
178699
175066
175063
175138
187488
175141
175497
175142
175526
187490
175101
175140
175532
175499
175137
175062
175052
175493
175495
175541
175100
175119
175096
175104
175122
175123
175540
175511
175051
175498
175121
175531
175061
175065
175500
175105
175103
175099
175102
175535
175494
175534
175509
175496
175536
175533
175097
175513
175124
175117
175504
175125
175120
175106
175118
175064
175538
175329
175400
177443
175356
178712
175346
175328
175331
230233
178693
178713
177474
178711
175323
177444
175345
175359
175347
175357
178692
175355
175348
175344
175327
177455
177473
175321
175358
230231
178714
175343
175349
187492
187491
176266
177449
178691
175362
177448
177456
175353
177471
177447
177472
177450
175326
175311
175322
178716
175337
175342
175350
175352
175338
177446
178719
175336
175361
175351
178715
177445
177457
175371
175324
178694
193192
175340
178696
175325
175341
177421
175398
175435
175417
177439
177441
177453
177434
178695
175408
177454
175440
175406
175409
175433
177429
178717
175394
175392
175391
175418
175416
178697
187494
175405
177432
177433
177452
175438
175402
177431
177436
178720
175410
175457
175439
177437
177435
177430
187493
187495
175414
175413
175395
175404
177451
177438
175397
175407
175432
175396
175412
175393
175403
175431
177440
178718
176519
177410
177442
175436
175411
175437
175434
187222
175463
175474
175459
177854
187498
175465
175472
175467
177425
175453
175460
175451
177855
175454
177422
177836
175464
187496
177427
177852
177423
187497
177424
177837
177857
175473
177853
175471
175456
177409
177856
175461
175458
177408
177702
187430
175462
177420
177407
177419
177513
175602
187499
177418
175633
177851
177835
175605
175636
187500
177834
177832
175626
177505
177406
187501
177514
177508
175603
175634
193193
175632
175604
175627
177506
177507
193194
175629
175635
175606
175625
177498
177701
176321
176268
176295
177512
176270
176275
187502
177715
176293
176272
176265
177718
187506
177716
187503
176264
176294
176271
177781
177504
177717
176273
177499
177720
176291
177501
187507
177500
187504
176269
177503
177705
187508
177502
177719
176296
176279
177771
176267
187505
177699
176486
177707
176318
176332
176306
177493
177713
177494
176331
187515
177700
177714
176323
176309
177495
177708
177706
176316
176317
176325
176301
177469
177704
177709
176307
177492
176319
177496
177491
187512
177711
177470
177468
176308
177710
177712
176302
176305
176322
176304
177497
177490
176320
192547
187514
187513
177676
192557
177696
187551
178721
192571
177695
177697
209195
187545
187560
209253
187556
178700
177688
177690
178706
187553
187555
177693
187549
187542
187544
193203
187557
177691
177689
177698
178723
187547
192564
187550
192572
180026
187558
177694
187546
192569
180025
187559
177692
212537
187541
178722
179753
187543
187552
187441
177874
177686
177674
178724
178852
178725
176473
176460
178831
177677
177672
178743
209229
178833
176454
176472
177683
178742
192548
178744
176474
176478
176456
177679
177687
178834
176476
176471
176480
180028
177675
192574
176452
176453
177678
177673
177685
177681
176451
177682
177680
178835
178851
178698
176479
180027
219631
177684
192576
176458
176459
176475
192575
176517
192583
176498
176499
179745
177839
177867
178822
176511
176512
178803
179749
179750
176492
177865
176516
179744
178825
179752
179710
176500
177868
178802
178823
193212
177838
176494
179751
177863
178805
176495
176513
176518
176515
177862
179709
177858
179747
176501
177859
177861
177840
177866
178804
192581
177860
177864
176493
178824
179746
179743
176496
177842
177873
178730
176660
177872
178806
177871
179837
179771
176673
177870
178731
176653
176674
178727
178728
176655
176656
176662
177869
176661
176652
176671
176658
176657
192550
179748
176659
176651
179819
176654
178702
178701
192586
209161
192584
192588
177875
179754
177566
179835
177552
179836
179810
192590
177561
179817
179831
177562
192596
177564
179756
177584
177583
177535
177843
177553
177587
177537
177586
192591
177563
177534
177565
192599
177588
177533
177557
177536
179833
177538
177876
179818
177551
179832
179809
177845
177558
179834
177844
177585
177532
179772
179755
177567
177555
177607
179042
178704
178737
177601
178740
178732
177593
178734
177590
177597
178736
178735
179807
209148
178741
177602
192608
177604
179806
192601
177606
178733
179808
178705
177596
178703
178729
179816
192606
178738
179815
177603
177595
177605
177599
179774
193205
179045
179778
179779
179028
177633
179775
177619
177614
177620
177637
179044
177615
192614
179757
179773
192612
179760
192611
179805
179814
179758
177612
179026
177632
179029
179027
177631
177639
177636
179776
192616
177635
179813
177616
177617
179781
179043
177823
179759
179023
179024
179761
179783
179789
179784
179782
177825
179780
177826
177824
179787
177822
179788
179777
179762
177883
209236
177878
180030
177877
179025
177899
177846
179016
180035
177903
179017
177904
179022
180032
192618
192626
179039
177908
179038
179020
179041
180031
177907
177910
177909
192622
177905
177898
180033
209211
177847
180034
179021
177906
177879
177881
177901
177931
177911
179074
177992
179053
177996
179055
179054
177971
179051
177976
192629
177993
209179
177977
179075
179050
180036
177975
177978
177972
179014
179052
177995
179068
179079
177994
177974
178015
234263
178021
179049
187660
179057
179064
180221
178026
179059
179066
179060
180216
180173
178018
179073
192555
178024
178022
179067
180217
179056
180037
178014
193206
178031
179071
180220
178020
178017
179063
178012
178027
178032
187659
187658
180222
180172
180171
178013
179062
179058
178019
180176
179061
178016
179069
179092
187661
187664
178073
180039
209141
179093
178078
178081
178076
179076
180040
180178
178075
178080
180177
178072
178077
178079
179070
180174
178074
178071
180038
178136
178116
178121
178113
180041
179094
179091
179077
180179
178125
178137
179096
179078
178112
178119
179097
178129
178118
179081
179098
179095
180181
180043
178140
179080
180183
180180
178126
178132
178138
178117
180175
179083
179991
178123
178114
180182
178131
178141
178130
178120
187663
178139
178111
178143
178128
178133
178115
178134
179084
178142
178124
178176
178175
178186
187668
178173
179101
179099
180189
180185
178171
178185
187667
178181
187666
178184
178182
178192
178177
180044
178183
178189
178187
178180
179100
193207
180187
178172
179072
178194
178193
178179
178178
180186
180184
178553
211695
180045
178546
178578
180049
180046
179785
178548
180048
180050
178555
178575
178574
179791
178549
180188
179786
178554
179793
179790
178579
178550
180024
178558
178556
179792
178557
180192
180190
178576
178585
179764
180191
178577
178587
178571
178586
178572
178640
187670
178616
187671
187672
180194
179763
187673
178631
178639
179999
178611
178634
178635
179765
178614
180195
180196
178638
178633
178636
178632
178637
178642
180002
178864
209207
178872
178847
221785
178809
180199
179794
215863
180047
178826
178808
178860
178827
187674
178828
178866
178858
178829
178810
180193
178861
180054
178862
178874
180200
180198
179693
178807
178873
180201
180008
178830
179691
187675
178848
179692
179795
178865
178871
180197
179115
179114
187677
179090
180204
187678
179112
179113
179110
180006
179109
179111
179694
179712
179131
187681
209159
179155
179167
180203
179164
179159
180202
179157
179161
180433
180435
179169
179713
182852
179696
180205
179716
179152
180434
179166
179154
180431
179168
193208
179153
179163
179151
179160
179715
179695
179697
180432
187679
179162
179711
179701
179714
179191
181034
179196
179197
181033
179719
179207
179217
179195
179699
179208
187682
187683
179220
179231
179212
179215
179233
181038
181037
179717
179206
179211
180207
179209
179192
179204
180208
179218
179718
181017
182885
179214
179198
179698
181014
179213
179355
179210
179199
179219
181015
179216
179720
179193
179205
179194
179202
179203
180206
179721
179270
179702
179272
209251
193209
181019
179264
179418
179722
179261
187684
179263
179274
180213
179267
179700
179723
180210
180209
179383
179386
179725
180215
180212
181020
179356
179393
180211
179703
179387
179390
181018
179388
181023
179838
179843
179394
179392
180214
187687
179421
181021
179423
179389
187688
179422
179385
179445
179384
179839
181022
180218
179820
179446
179724
179444
179420
181025
179855
179852
181028
179468
179487
181032
179853
179844
179483
179459
180286
179470
179477
180282
179841
179460
179484
180292
179494
179822
179840
179847
179464
180284
179824
179458
179849
179462
179481
179480
179821
179478
179476
179826
179466
180290
179511
180283
179475
179489
179845
181036
179854
180281
179479
179823
187691
187689
208458
179846
180280
179461
179482
179463
181030
181027
193210
179474
179856
179465
181029
179490
179492
181031
180291
179493
179491
179486
179842
179851
179467
180287
179848
179571
179547
209175
179858
179539
179538
179828
180285
179549
180288
179850
187695
179827
179857
187693
180289
179548
181035
179553
187694
179554
179542
179572
179825
179545
179544
179543
182332
209255
192645
180273
182386
180275
182331
182388
182389
182387
182858
192646
179618
182391
180274
182390
182859
179611
182860
182861
182392
179612
179601
180271
179592
182393
182855
180277
180276
179616
182856
179600
182385
180278
179596
180279
179619
182383
192649
182857
180272
179617
179594
179614
179615
179613
182384
192647
179593
182376
182380
182381
179802
179770
179798
179799
179800
182382
179804
209192
179796
182377
182370
179766
182372
182854
182373
182375
182853
179769
179811
179801
182378
179767
179803
182369
179812
182374
182371
179797
193197
182363
179740
182355
182350
182366
192654
179704
182359
182368
182878
182879
182880
182352
179705
179730
182360
182361
192658
182356
182365
179729
182362
179728
179742
182364
192657
179741
182367
179734
179732
182351
179739
179736
179726
179733
179707
179727
182358
182357
182881
182354
182353
179706
179737
182882
182883
179731
179872
182424
182417
193198
182418
182421
182428
182333
182877
193199
179873
187757
192664
179875
179892
179879
182423
182419
179894
179877
182427
179876
182425
179874
179891
182422
182420
182426
179893
182349
182876
187756
180233
182433
180238
182079
181220
182081
180241
187760
182416
182434
180252
182412
181215
187761
187762
182413
180249
180239
182080
180253
182414
209254
181212
180245
180248
180240
182435
182436
180231
180237
180250
180234
180243
181219
180244
181213
180242
180247
182411
181214
187758
181211
182415
180311
181221
180325
181217
182075
180322
180330
180320
181218
180315
180316
184398
187764
182431
182432
180328
180331
180333
180312
187767
180319
180318
187766
181223
182076
181224
180324
187765
180332
180321
182077
181216
180323
181222
180317
180329
187770
209181
209225
182429
194875
182869
182863
182864
182875
184074
182872
182873
182874
182870
182868
182072
182865
182430
182071
182074
182867
182073
182347
182348
182862
183307
180374
183304
234627
182346
182341
182339
183310
182887
183312
183309
182340
182344
181693
181697
182337
183301
182338
181689
182345
181692
183305
182343
181694
183306
181695
193200
181696
183311
182342
183308
181688
181675
187772
183298
182335
183299
181677
183296
182336
183303
183294
182334
183300
193201
181674
183302
181679
192644
187771
181673
181671
194874
194870
194872
194873
183086
194871
194868
194877
183295
194867
194869
183291
183087
194876
183293
194865
194861
183089
194863
194864
194862
194866
182500
183075
182323
182315
183088
182325
182324
183292
182314
182321
182311
187800
182322
182312
182319
183076
183090
182320
182313
184397
182327
182328
182316
182326
182318
182505
184396
182498
183511
183077
183079
182511
182508
182510
187801
182491
182493
183078
187803
182506
182502
182494
187802
182499
182492
182504
182497
183370
182503
182495
182496
183371
183083
183084
183374
182589
182574
182573
182582
183085
183372
183375
187804
182575
182581
183081
182579
182584
182578
182586
183080
182576
183082
209183
182577
182580
182590
183373
184073
182587
182892
182571
187806
182957
182977
182978
183443
182980
183440
182979
182991
182981
182990
182960
183431
183439
182982
182953
187807
182956
183442
184395
182955
184394
182958
182983
182984
182959
193202
183438
183437
183441
183467
182952
182996
182976
183466
182987
182954
183444
182950
182948
182986
182988
183445
187808
187809
183026
183011
187814
183024
183025
183432
183029
183020
183013
183030
183435
183028
183031
187812
183037
183036
183436
183019
187815
183016
183021
183017
187810
183015
183032
183023
183433
187811
183014
187813
183027
183434
209218
184034
183067
183057
183066
183071
184037
184036
183072
184032
184035
184038
184033
183074
184031
184030
183061
183059
183060
183065
183062
183073
187836
187838
187839
183053
183058
183069
184027
187837
183056
184028
204671
183070
184029
184026
184025
183265
183240
183262
183264
184024
183247
183259
183260
183244
183263
210761
183242
183255
184022
183241
183261
183249
183239
184021
197039
184014
184016
183257
184013
184015
184017
183252
183254
183256
184020
183248
183253
183251
183250
184019
183245
184018
183246
197038
230481
183243
187841
183271
184012
183275
183272
187842
209172
183411
183399
184009
184011
187845
187848
183403
184008
183410
183412
184010
183392
187847
184002
183409
184003
187846
184001
183401
183394
183405
184007
209221
184004
183400
209177
184000
184005
183393
184006
183397
183398
183402
183999
183404
209238
183998
183460
183459
183997
183461
183458
184071
183452
187850
183450
183996
184257
183992
183994
187852
183993
187851
183457
183454
183995
184258
209209
184259
183456
184256
183447
183448
183465
183991
184255
183446
183463
183455
184248
183990
183668
183656
183664
183660
184250
184252
183988
183662
183658
183667
183652
187877
183665
184253
184254
183661
183669
183659
183986
183987
183989
183663
184247
209231
184249
187878
184251
183655
209184
183651
183598
184421
183599
183594
183983
184431
183606
183608
183591
183600
183602
183611
184430
183596
184425
183981
183609
184426
184424
184427
183592
183607
183586
184428
183590
187879
183615
183595
184422
183604
183583
183984
183616
183593
187881
183617
183601
183584
184423
183982
183587
183613
183614
183603
183589
184420
241253
183588
184429
183612
183610
183985
187880
183634
183633
187885
183643
187887
184562
184561
184843
184563
183980
184560
183644
187886
183632
187883
184559
184556
183639
184557
183641
183635
183636
184841
184842
183640
183637
184558
184840
183647
183648
187884
184553
209237
184353
184552
184352
184796
183689
187941
184555
184351
184554
183686
183685
183687
183690
183673
184551
184393
183680
183679
183677
183681
184550
183674
183676
183678
209246
183683
187942
187945
183672
184417
184415
184416
184794
183817
187948
183819
184418
184419
184795
187947
183818
184788
184791
183794
183801
184411
183798
183791
184790
183793
183809
183799
183805
183814
187946
183808
209200
184792
183797
209224
183807
183792
183803
184789
183796
184412
183795
183811
183812
183804
184414
183800
184793
183813
184413
183977
183970
209166
184549
183975
184548
184547
183979
183978
183976
183974
183971
184787
184546
184545
183972
183973
184542
184776
183956
184783
183951
187953
183959
187951
184780
184786
184538
187954
184784
184779
183965
184785
184539
184540
183953
184777
184778
184543
183952
183963
183964
187955
183961
183960
183967
183954
184782
184544
183955
184541
184781
184113
184104
184094
184839
184103
184095
184112
184108
184111
184102
184837
184105
184106
184099
184096
184107
202151
234609
184116
184098
184100
184838
184115
209189
184109
184097
184093
215857
184092
184615
184937
184611
192733
184933
184612
184935
184239
184246
184237
184614
184232
184243
184241
185031
184934
184931
184233
184231
184244
184932
184245
184234
184242
184235
184613
184936
184240
184238
184387
184389
184385
184390
184392
184391
184941
184388
184386
184775
237121
184938
184489
184836
192735
184773
184382
184774
184384
184381
184380
199739
184772
184377
184374
184376
184373
184378
184942
184943
184371
184372
184940
184379
184375
184471
184472
184835
185518
184834
184833
185516
184488
185519
184487
185517
184478
185513
185515
184944
231429
184482
184476
184484
184831
184486
184477
184475
184945
184474
184481
185514
184479
184473
192737
184483
184832
184516
185691
184532
184523
184524
184946
185692
184528
184536
184519
184520
184517
184535
184526
184530
184534
184527
184531
192738
184522
184529
184525
184518
184537
184521
184515
184514
192740
184512
185693
184513
185694
184705
184648
184646
184644
211015
185119
184649
193251
185118
184647
185120
184645
193252
184643
184632
184631
185117
193249
192743
184633
184704
185112
185111
192741
184641
184640
184634
185116
184638
193250
185113
184637
185115
185114
184636
184642
195492
184698
184692
184680
184687
184703
184690
184689
184686
185699
195494
185233
184697
184693
184695
184685
185703
195496
184701
184688
195493
184700
184696
185213
185232
184683
195495
209909
184699
195491
184682
195497
184694
184681
184702
185696
192744
199924
184672
184673
185235
195486
195488
195489
195485
184676
185698
185234
185700
184674
211675
184675
184671
195484
195490
184678
184677
195487
185704
184679
184770
184731
184732
184769
184765
184760
195483
184762
184756
184768
184767
184763
184752
184757
184758
184761
203814
184753
184749
195482
184750
184759
184751
184764
184766
184754
184755
195480
184745
184743
184744
184746
186387
184747
184748
184733
184740
186386
195479
184741
184736
184738
184739
195476
184737
184742
195478
185702
195477
184735
184734
185701
185705
186383
184825
184828
186384
195524
186382
184826
186385
195475
184830
185706
195523
184829
184827
195517
185707
184816
195521
195522
184819
195518
184824
184814
195520
184822
184823
184818
186380
195519
192749
184813
184815
184821
184817
186381
184811
184812
185071
185093
185072
185079
185074
195515
195512
186374
185080
185085
186376
185095
185077
186379
185087
195516
195514
185086
185084
185073
195513
185091
186377
185075
185078
185094
185096
186378
185076
186375
185103
186369
195474
186368
185088
186373
185090
186370
185101
185089
185098
186372
186371
185081
185097
185100
195511
185099
185082
192751
195470
185164
185165
186364
195473
195471
185168
195468
186367
186362
186365
186366
195469
185167
185169
186363
195472
185166
195467
186357
185151
185153
185160
186351
186356
185159
186359
186355
186360
185161
186354
185154
186358
185163
186353
185155
186352
195464
185157
185162
185156
195465
207596
185158
185152
186361
185272
185270
195462
185268
185266
186815
195461
199922
195463
185273
185267
186817
195458
185269
199923
195459
185271
195460
186816
185251
186813
185255
199919
185262
195456
185291
185254
199921
199920
195452
195457
185264
185252
186814
197032
185257
185258
195453
185260
185265
195455
185261
186812
185259
199918
195454
185256
199917
185370
195449
195450
193247
185351
185363
185372
195445
185357
185371
193240
199915
199916
195446
193242
185366
185354
195448
193246
185356
185365
185364
192753
185352
193243
185369
185361
185360
185368
199751
204203
195451
195444
193244
193248
185367
195447
199740
185359
193241
193245
185362
185358
185427
199913
195438
185421
195435
185412
185422
195437
195436
185414
195442
195441
193238
185417
210767
209194
185416
185425
185419
185420
199914
195443
195440
185424
193239
185418
195439
185415
185423
185426
185411
195434
185512
185511
210765
195431
185564
185567
209152
185566
195432
185560
185565
199912
193233
185569
193236
185563
195433
185568
185561
193235
185562
199911
185558
185556
185557
193231
185552
185553
193232
185555
185554
185551
199909
195407
199910
195430
185585
185571
199908
195406
185584
185583
195509
195428
195405
192755
185580
185581
185578
185573
185577
185576
185575
199750
195404
185579
195510
185582
185572
195429
195508
185622
199905
195403
195402
185618
199907
185617
195401
195507
185611
185612
199906
185614
185621
199904
195426
195427
185615
185619
199749
199903
195425
185616
185620
185613
195397
185818
199901
195400
185817
185758
185804
185800
185806
197950
185807
199902
185802
185798
195398
195399
197931
185803
188001
185821
197945
197943
185810
185797
199899
195394
185751
185795
195395
185754
185808
188002
195393
197944
185822
185813
185799
197941
197949
185820
185814
197942
199743
197946
195396
185756
197939
185755
188000
185809
192757
199900
197940
185796
185815
197947
193128
185801
197948
199748
185805
185753
185812
199898
185816
185894
185890
185895
197930
197938
185887
185889
185892
185888
185891
185893
197937
185886
195392
185884
185883
197933
185878
185881
197932
195389
195391
199897
188005
197936
185873
185885
185877
195390
185880
185874
188004
197934
185875
197935
188003
185876
185882
219625
204959
199896
199893
199891
186112
186106
204817
195424
204958
193127
186113
186105
186104
204953
195420
199895
195388
195419
186110
186108
204818
195422
186111
186109
199894
195418
199747
195421
204956
199892
204955
204957
195423
204954
186107
199746
186094
204952
186100
204951
186092
199890
186093
186091
199889
204950
186103
186098
186099
186095
186102
186097
186101
186096
186236
204946
186223
186232
213103
186219
195417
186222
186226
199888
186220
186230
204815
186224
204816
186221
204949
237141
204947
186212
204945
204948
186227
186231
186234
186211
195416
199887
186215
186218
186233
199745
195413
186228
186216
186237
195414
204944
186214
199741
195412
195415
186229
186217
186225
186238
186284
186283
186280
199886
186278
195503
186279
195502
195506
186281
195504
186282
195505
186508
195500
186811
199742
186276
195499
186272
199885
195501
199884
204942
186273
204943
186274
186275
186277
186271
186266
186261
186252
186265
186264
186259
186254
186262
186257
186268
186255
195498
186260
186270
204814
186251
186267
186258
186263
186253
199744
199883
186256
186269
186504
186505
204653
186507
204655
186506
204654
186496
186497
199880
204941
204649
204652
186503
186494
199882
204651
192977
204650
186502
186501
199881
186498
186500
186499
186495
186492
186493
186491
204641
235311
204938
192953
192966
192961
192957
204644
235305
235303
192971
204645
209145
192975
192970
235293
204940
204939
204642
235309
235299
204936
204937
204643
192951
209210
192967
192968
192960
192954
235249
235301
192974
192969
192973
192956
235307
204648
192952
192976
192972
204647
235295
204640
204646
192955
209150
192963
235291
235297
192965
192958
204934
193125
193111
235247
193119
193117
237083
193113
193122
235243
193116
209168
193120
199879
193124
193114
204638
204639
196026
193121
204935
193126
204637
204636
193118
193348
205783
193341
193347
193335
193350
193344
205782
193345
237085
235239
193346
193336
193337
205781
193340
193331
193334
205780
235237
193342
235229
193339
205778
237087
193338
193333
205779
235231
205775
193349
235227
204783
193351
193343
205772
205774
235235
237089
193332
205776
205773
205777
193377
205771
193403
193388
194167
193404
205770
204210
204932
193378
205769
205768
193390
204933
193392
193395
193389
194154
193387
193391
235215
235223
193406
205765
193408
193407
235221
193386
235217
193379
193405
194165
235219
204782
205767
204930
204931
205766
194160
194152
204925
204928
205764
194161
204199
194155
194157
207475
194156
194158
194168
204926
194163
204781
204927
204924
204929
205763
204772
204635
194239
194241
204923
204921
204922
194240
194242
204920
194238
205762
194231
194228
205760
194232
194237
205761
194235
194230
194229
194234
206138
194236
204919
204918
204917
194225
194226
194227
204916
204634
194331
194325
194326
194328
194327
194330
195411
204915
205759
194312
194335
194319
194310
194336
194324
204633
194311
204912
205758
194314
194318
194313
204914
204913
194321
204632
194317
194320
194334
204630
204631
194316
204910
204911
204771
194897
194903
194900
194899
194924
194898
205754
194902
205756
205757
205755
204909
205753
204629
194887
194892
194890
204628
205751
194883
194926
194888
196524
204780
204908
204624
205752
204627
194925
194893
204626
194896
194894
194884
194885
194891
204907
204625
194882
195408
195381
195386
205749
195387
195379
195380
195383
195385
195382
205750
204906
195378
195384
195375
204621
204622
195369
195372
195410
205748
195368
195374
204905
205747
195373
195377
195371
204623
195409
204620
204904
196025
197030
196015
196023
204619
196024
205744
196019
196017
204618
204617
196014
196020
196022
196018
196012
196016
205746
196013
196021
205745
204779
196010
204611
204903
196009
196006
196008
204614
196005
196011
205742
196004
204616
205743
204902
196007
204615
205741
204613
204778
204901
204900
204612
197034
197036
197035
197160
204899
197028
205739
197019
197037
197020
197584
205738
205740
197026
197024
197022
197023
197021
197614
197612
197611
204610
197600
204898
197610
209364
197591
197604
197601
197607
197599
198444
197589
197593
197608
205737
197596
197609
204897
204607
197588
197586
198442
197587
197602
197595
197598
197590
205736
197605
197597
204609
198443
197603
204896
204895
204893
204606
197929
197927
204894
205734
204605
197926
197928
204604
205735
198445
197924
198440
206093
198439
197922
197923
204891
198832
198840
204777
206112
204603
198844
204602
198830
198838
206114
204889
204598
198834
198828
206132
198831
204888
206113
206116
204892
204601
198843
204776
198829
198847
198837
198734
198833
204890
206115
198845
198733
198732
204597
198836
198835
198841
204599
199877
198842
199875
198846
204600
234611
204887
199876
198839
204596
199874
199867
206109
199870
204594
206108
199873
204593
199869
199865
199868
206111
204595
199871
204592
206110
199872
199866
199734
199845
204883
199856
199861
199860
199855
204886
199849
199846
199847
199842
199857
199735
199863
206107
199850
199862
199864
199853
199848
199859
204590
204591
199733
199851
199858
199736
204885
199854
204884
199852
199843
199844
204589
199841
199840
199732
204881
199835
204585
199838
206106
199831
204586
204665
204775
204588
202623
199837
199833
199839
204587
199832
199836
204882
204774
199829
199830
204773
204878
204583
199825
204582
199824
204876
204877
206104
204664
204879
204875
199828
206133
199827
199737
204880
199826
204584
204874
221725
206313
201272
204580
206312
206310
201288
204662
201273
201289
201276
201290
201284
201280
204661
201274
204663
206311
201277
204579
201278
201291
201271
201287
204576
204578
206307
201270
204659
204660
201285
206309
201279
204577
201281
206308
201972
201286
201275
204658
201283
204575
204574
204570
204564
204573
204569
204657
201345
201352
206304
201350
201344
204566
206306
201349
201356
201348
204565
204572
201346
201347
201351
204567
206305
204568
204571
201355
201353
201354
203012
203016
203019
203015
203024
203027
203029
205730
203033
203013
203034
204560
206303
204561
205732
203017
203022
204656
205733
203020
204563
203023
203014
231917
203031
204562
203026
203030
203032
205731
203018
203021
203028
204559
205726
203784
205728
203782
205729
205724
205727
205725
205723
203788
203786
204194
204196
203783
208882
203789
203780
203781
206353
205720
203775
203779
203774
208880
203777
203776
203778
205722
208881
203773
205721
203976
203768
203770
204558
203771
208878
204556
208879
203772
205718
205719
208876
203766
204557
203767
208877
203769
204193
203765
203870
206270
204185
203862
203879
206346
203875
205715
203874
203880
206343
208873
205712
205714
204197
203877
203876
203864
203868
203865
204192
208872
206348
206350
205713
206352
203863
203866
206342
203881
206347
203858
208874
203859
206345
206349
203860
204195
203869
203872
206344
208875
205716
203883
206341
206351
205717
205711
204191
204187
204201
204189
206264
206340
204307
206336
205708
204302
206337
205709
205710
206339
204300
206338
204303
204304
204306
204305
204301
204290
205707
206335
204295
208871
206334
204297
239029
204288
204298
206271
204289
204292
204296
204299
204291
206333
204287
204286
204216
204265
206323
206319
204254
204262
204263
204275
204278
205701
204280
204255
208869
204266
204276
204260
204271
208868
205705
205704
206329
206332
206331
205702
206321
204270
204273
204283
206330
204258
204282
204285
204269
206326
206328
206322
204257
204264
206325
206324
208865
204268
204272
204277
204279
208867
205703
204256
204281
207598
208866
208870
205706
206320
206327
206318
204267
204261
204259
204274
207595
204238
204243
204244
204253
208861
204242
204250
204241
204247
204245
209583
206103
208862
209581
204246
204252
206101
208860
204239
204251
208863
208859
204248
204237
204240
204249
208864
206102
204236
207592
208858
207593
204230
207589
206094
208857
207590
207591
204235
204224
204225
204226
207586
206096
206097
219623
204229
207587
207588
206098
206099
207585
207584
206100
206095
204231
204234
204329
207594
204227
204233
207581
204217
207583
208856
207580
204223
207577
204219
207576
207579
207582
204221
207578
204222
204218
207473
204215
208855
204351
207089
208854
209367
204350
207110
208853
204352
207087
204349
207104
204335
204343
207094
207099
204347
204341
208851
204345
207103
204336
208848
208852
204331
204344
204333
207121
209366
204338
204337
207096
208849
204339
208850
204332
204346
208847
209365
204340
208846
204666
208840
204669
208845
204478
204500
207098
208838
208842
204480
204512
204515
208839
204668
204504
204488
208837
207118
208843
204472
204476
204485
204501
204508
204519
204496
204520
208841
204489
204516
207090
207113
204473
204507
204499
208836
208844
204471
204506
207091
207093
207114
204498
204518
207088
204513
204477
204667
207092
204503
207108
208825
205365
208833
208834
205366
205370
205359
205676
208831
208835
208822
205680
208832
205368
205369
205363
205360
208828
208829
205679
208827
208826
205372
205681
208830
205364
205678
208823
208824
205374
205791
205792
205793
208816
205697
205699
208820
208821
205695
208818
208819
208817
205700
206267
205794
205696
206149
206150
206148
206145
206140
206266
207575
206265
206141
206147
207572
225067
207101
225065
207574
208815
206146
207571
207573
206144
206139
208814
206269
206263
206301
206298
225079
206314
206316
225077
206297
206299
206300
206317
225083
206286
206287
206289
208750
207597
225087
208813
206291
206294
225089
225091
206293
206292
225093
225085
206290
225095
207107
225113
225111
225107
207100
225105
225109
207102
207115
225117
207117
207095
207122
207120
208412
225101
225115
207119
207106
207116
207112
225103
208812
207476
207109
207111
225125
225129
225121
207145
225133
207147
207513
225123
225131
207146
225127
208811
225135
225163
207144
225145
225157
225159
207138
225161
225143
207139
225147
207142
207140
207143
225149
225151
225153
207141
207137
225155
207490
207489
207488
225177
207491
207492
225179
225175
225171
225173
207493
207484
225183
225193
207481
207487
225195
225185
225187
207482
207486
207483
207478
207479
207485
208810
207480
225197
207477
225215
225217
207537
207538
207530
207539
225207
207535
207534
207540
207528
225211
225213
207541
225219
207527
207526
207533
225221
207536
208809
225209
225229
207531
225231
207529
207543
225205
208808
207542
225239
208399
208397
208405
225259
208410
208402
208398
208404
208414
208807
225251
225249
225247
208400
208401
225243
208415
208403
225253
208411
225237
208406
208407
208413
225235
225257
208501
209151
225285
208504
208503
208511
225287
208512
225279
208506
208507
208508
208510
208505
208509
208502
208745
208742
208744
225299
208741
208743
208746
225295
208740
225323
225331
225333
208737
225329
208736
225313
225325
225309
208733
208735
225307
225315
225311
208731
225327
208734
208739
208738
208732
225349
208727
225335
225339
208728
208726
225341
208724
225351
208730
225343
208725
208729
225337
208787
208806
208805
208804
225375
225379
225373
225417
225395
225389
225403
208794
225397
225407
225399
209308
208789
208793
225415
208801
208802
208792
208790
208788
208795
225385
225409
208797
225405
208791
225383
225387
225391
225393
208798
208800
208799
208796
209133
209132
209134
225423
225421
209123
225429
225431
209130
225427
209126
209131
209258
209124
209125
209129
209127
209128
209259
225433
209122
225447
225467
225459
225463
225461
225469
225451
225453
225455
225457
225449
225501
225487
225479
225495
225493
225477
225473
225475
225497
225489
225491
225485
225505
225481
225503
225471
225517
225523
225525
209607
225521
225529
209609
225533
225527
225531
225519
209605
225539
209597
225541
209589
209601
209595
225537
209603
225535
210763
209587
209593
209591
209599
209697
209699
225561
225559
225557
209695
225555
225571
209689
209691
225575
209679
225569
225565
225563
225579
225573
209681
225567
209685
209683
225585
209687
209693
225609
225617
225605
225625
225619
210879
210891
225633
210885
210889
210895
210899
225635
225637
210893
225607
225623
210881
225631
225629
210897
225613
210901
225611
225621
210883
210887
225643
210875
225645
210877
225651
225639
210873
225641
225653
210413
210411
210415
210855
210423
225679
210859
210863
210851
210421
210425
235087
225665
210441
225663
210853
210865
210433
225667
210849
225675
210867
225681
210843
210449
210845
210427
210451
225677
210871
210435
210429
210417
210445
210431
210847
210869
210861
210419
225669
210857
225683
210443
210447
210491
225685
210841
210839
210827
210559
210561
210553
210567
210551
210555
210549
210831
210547
210571
210837
210833
210565
210557
210823
210563
210829
210835
210825
210569
210821
210817
225715
210545
210815
210543
210819
210539
210541
210537
225755
225773
225775
225751
225781
225757
210807
210809
225761
225763
225759
225747
225779
225741
210805
225745
225753
225783
210811
225743
225777
210813
225749
225785
210803
225793
225817
225821
225807
225809
210993
225801
225819
225823
225805
225811
225803
225829
225851
225837
225833
225853
225831
225827
225839
225825
225841
225849
225843
225847
225861
225885
225875
225871
225893
225869
225877
225879
225895
225883
225887
225891
225889
225873
225931
225907
225935
225903
225937
225933
225909
225917
225929
225905
225923
225941
225913
225911
225919
225921
225915
225939
225927
225925
225901
225899
225943
212735
225973
225945
225969
225957
225971
225953
225951
225977
225949
225975
225967
225955
225983
225997
225989
225987
226001
225999
226003
225991
225985
225993
225995
226011
226009
226035
226039
211013
226045
226031
226027
226047
226053
226055
226033
226041
226051
226029
226049
226023
226019
226021
226025
226037
210797
211463
226073
211465
226079
210793
210799
226063
226081
210791
210795
226071
226091
210773
210781
211459
226097
210775
226093
211461
226099
210785
210787
210779
210789
211457
210777
210783
211455
226111
226109
226113
226149
226129
226117
226151
226157
226121
226125
226155
218277
226127
226119
226137
226131
226135
211453
226115
226159
226147
226153
226145
226141
226133
226143
226139
226123
226167
226165
226163
226161
226197
226179
226201
226185
226187
226199
226195
226183
226193
226177
226189
226203
226181
226191
226205
211341
211337
226221
211327
226209
211319
211325
211335
211339
211321
211323
226215
211329
226211
226213
226217
211333
226223
211331
226225
211313
211317
211315
226229
213041
211291
211295
226243
211293
226239
226249
211285
226245
226257
211309
226235
226255
213039
211301
226233
211307
211299
213043
211303
211311
226231
211297
211289
226253
226237
213037
211283
226259
226251
211287
229051
226247
226241
211305
211281
226261
211425
211427
211411
226273
211393
211407
211403
226277
211415
211391
211419
226275
226279
226285
211409
211387
211421
211395
211423
226283
211417
211405
211401
226271
226291
211413
211389
211399
211397
226289
226287
226281
226293
213023
211631
226311
226313
211633
213025
211609
211597
211613
226315
226307
211593
211595
211615
213033
211605
211621
226303
226317
213631
213019
211599
211625
211611
226309
214461
213029
211607
211635
213021
211603
211601
211629
211627
211619
211617
213629
211623
213795
226319
217731
226321
226323
213009
226343
226341
226339
213013
226335
226351
226347
226331
229057
226365
226329
226361
226353
226345
226363
213015
226333
226359
226357
226337
226355
226349
226373
226379
213781
226381
226369
226375
226377
213785
213003
213783
226371
226383
226407
226389
226391
213777
226387
226395
226393
226411
212997
226397
226405
214431
213001
213779
226399
226409
212995
214425
212989
214429
226415
226421
226417
211735
212977
213775
211715
211737
211755
211751
211743
211763
212959
212971
211765
214455
211739
211767
212961
212967
212987
211733
211783
212975
212981
211729
211775
214451
211781
212973
211753
211777
212969
213803
212983
211773
212963
213773
211759
212985
211725
212957
211761
214445
213761
211779
213801
211747
211771
214437
213765
211711
229053
214443
213767
211745
213769
211741
211757
211709
211769
211721
212949
211727
212097
212935
212857
229055
211723
211749
211731
212945
211719
212951
212939
214449
211707
211713
226455
226451
213759
226465
226463
226459
214435
213757
214419
213755
226457
212933
226469
213753
212929
226467
212931
226453
214441
226471
226483
226477
212921
226475
212919
226481
226479
211823
211821
212917
214439
211819
212915
211795
211803
211787
211785
214395
211797
211791
211815
212913
212905
211789
211807
211793
211813
212911
212909
211809
211805
211811
212907
212901
211817
211799
214373
211801
226505
213799
212899
226501
226503
226497
212887
212897
213747
213101
214417
226499
213789
226515
226537
226509
226531
226539
226535
214413
226547
226543
226525
214415
212885
226529
214919
214921
226521
226523
226541
212873
226527
212877
226517
226533
226513
214923
214423
226545
212879
212883
226511
226519
214917
213133
214915
214349
214277
214913
214911
214377
212695
215435
214359
212697
214909
212867
212689
214387
212869
214905
214453
213739
212683
213143
212679
214421
214899
226575
214285
212677
226571
214459
212661
212687
214287
213735
212681
214311
213737
213131
214383
214901
227863
214457
214447
214363
227865
214893
214301
213145
215437
212651
214343
226573
213741
212657
214895
214903
214279
212673
212847
214253
214251
214887
214885
214891
214273
214321
212637
214347
214275
212635
214331
226589
227869
226591
227873
212509
214433
214299
212627
227867
214295
214293
214317
227871
214889
214389
214305
214323
226605
214357
226603
214291
212613
214883
212851
214271
214353
214315
214345
212599
219607
214881
214877
218275
219605
212597
214381
214879
218271
214375
212591
218273
212601
228491
227875
214871
212841
218265
212721
212581
214335
214337
214873
214369
214329
214361
214355
219597
218263
214339
219599
227745
216653
218267
214875
218261
212733
214297
214341
214313
214869
228269
218259
212729
219603
219601
214309
212583
218269
218255
226629
212807
226633
226631
214319
214365
214289
214325
212809
212843
218257
226625
226627
214281
214269
214367
214371
212815
218253
218251
218249
212813
212817
226623
214327
212831
212833
226637
214303
226663
218247
226667
226645
226653
226675
226671
226659
226655
218243
226679
226661
218241
226647
214379
218245
226649
214385
226673
226669
226657
226665
226677
226685
226683
217021
218239
226681
235909
226691
226689
226687
218237
226697
217019
214255
214249
214267
213087
226739
214261
228407
226745
226713
226747
213067
213091
214263
226711
213089
226707
214265
226735
226701
213065
213633
214257
226741
226733
226737
226743
213081
226725
226705
226729
214259
226709
226719
213063
213127
213083
226715
226727
226731
226703
226717
226721
214247
213171
226751
226749
226765
226755
217017
226759
226761
226757
226753
226769
226767
226763
226797
226813
226779
226811
226775
219915
226783
226789
226809
226781
226795
226787
226803
226777
226799
226785
226801
226807
226791
226793
226805
213723
213721
213729
213727
213725
226821
213719
213713
213717
216691
214223
214217
217015
214207
214213
214215
214235
214229
217013
214225
214227
217009
214221
217649
214241
214231
214211
214219
218467
217003
217005
217011
217001
214209
217007
214577
216989
214599
214581
214575
214573
214603
216997
227739
227881
214597
214593
216987
214589
227741
214591
214605
234343
214579
214595
218735
214585
214587
216993
216999
216991
232823
214583
214601
214571
215165
215133
217397
218869
218755
215151
215153
216985
218753
215157
215143
215137
215141
218757
215159
215155
216983
215149
218759
215139
215145
215147
218761
215161
218751
216981
215135
218749
216689
215423
218233
218235
215421
226843
215419
215427
218983
215425
218981
218987
218985
218811
218979
215417
218977
218973
215413
215415
226847
218231
218975
215411
226851
226881
218367
216695
218217
218221
219167
218361
226875
226883
218213
226857
218229
219153
226879
215855
218219
218887
219163
218225
226871
226865
226859
216693
218363
226867
218365
218889
219155
219159
218215
226853
226863
226855
218227
219169
218891
218369
226877
219161
219165
226869
226861
218223
219157
226873
216655
216685
218359
218357
216677
218349
218355
216673
219595
216671
218343
218351
219547
216683
218345
216665
218341
216661
216669
216681
216663
218347
219543
219541
216675
216667
216679
219549
218353
219545
219537
219539
219535
216659
216657
216713
219525
216727
216717
219517
216723
219529
219533
216715
218339
219531
219519
219523
218337
219527
216709
219521
216721
216711
218335
216703
216697
216699
218333
216707
216701
216705
219501
216865
216849
219503
216857
219499
219509
219515
219493
216861
218943
218813
219505
216847
219507
216867
216863
216851
218743
219495
216853
219511
219497
219513
216859
216797
219491
216825
216831
216833
216843
216933
216977
217047
218859
218855
219489
218861
219487
218741
216845
216839
219485
219483
216835
216823
216841
218857
216815
233947
216809
219477
218739
219475
216821
216817
216807
216935
219481
216811
216931
218853
216803
218777
216819
219479
216801
219473
219471
216961
219459
219469
216957
216963
216975
219445
219453
216973
218851
216971
219467
219463
216967
219457
216959
219465
216969
219449
219455
219461
216965
219447
219451
216955
216937
217651
216947
216943
216951
218849
219443
216941
216953
216949
218847
216945
217389
217373
219441
220025
218885
217393
218883
220029
219437
220023
217395
218879
218881
217355
217361
219439
220031
217387
220027
217339
217343
217341
217379
217345
217385
217347
219665
217349
220015
220017
217375
220019
217357
217383
217365
217367
218877
219431
217363
217371
219435
220011
217391
218875
220013
217353
218945
218873
220021
217369
218871
217351
217381
217359
219417
217337
219425
219429
219427
217335
219419
219421
219423
219415
217333
217331
217419
217321
217323
219397
217325
217307
217295
217327
219413
219401
217313
219399
219411
219407
217299
217317
219405
217309
217329
219409
219403
217303
217311
217301
217297
217305
217315
226951
219391
226957
217457
226949
217459
217453
219395
226953
217455
226955
219393
217429
226969
217421
217431
219387
217451
226979
217427
217437
217425
219383
219381
226981
234953
217443
226975
217439
217445
217449
217423
219385
226977
217435
217441
217447
219389
217793
219377
217795
219379
217775
217781
217791
219373
219369
217783
217779
219375
217789
219365
217777
219367
217771
217787
217785
218165
219635
218169
219361
219587
218167
218171
218705
219357
219593
218191
218193
219359
219585
218185
218173
218175
218707
219589
218291
219579
219615
218187
218189
218703
219353
218183
218177
219577
219581
219363
219355
219591
218701
219351
219575
227057
219563
227045
223399
227061
227049
227047
223397
227069
223395
223393
227065
219569
219573
227063
219571
227043
227059
219619
223401
227067
219067
219567
219565
227073
223391
218459
219561
218451
219555
218441
223381
218435
219557
223387
218443
218461
219559
218453
218447
223383
223375
218445
218437
223385
223377
223389
218433
218449
218463
223379
218457
218455
218465
223371
223373
218439
223431
223411
219817
219771
219793
219785
223419
228535
219797
219783
219843
219795
228531
222739
223427
219761
223415
219849
223421
223425
222663
228533
223417
228529
219773
223413
222659
223423
223429
219709
222669
228495
219847
219899
228523
228515
219853
228519
219867
228497
219865
219841
228517
228525
228527
219829
219837
219833
228521
228499
228511
219845
228507
219823
219767
228503
228509
219801
219863
228513
219769
219791
228501
222665
219869
228505
219765
222667
230705
230713
219827
230719
230717
230723
230721
230727
230715
219789
222655
219851
222741
230725
230703
222671
219775
230709
219787
231607
219819
219835
231605
219781
230711
230707
219825
219711
219707
231603
222673
219859
219873
219551
231523
231525
231535
231539
219871
219893
219855
231531
231533
231589
231517
231597
219779
231509
231519
219887
219821
219879
219831
231513
231527
231541
222675
219809
219815
219805
219889
231507
231515
231585
231595
231601
219803
219763
219553
231511
231521
231537
231591
231587
219811
231529
231599
231593
231505
222623
219741
231573
219749
219757
219719
219731
230941
231501
231499
219729
219747
230939
231577
231497
219721
219713
231503
219745
231579
222727
219735
231581
231575
231583
222729
222737
219727
231569
219715
219753
231571
222735
219733
231489
231567
221869
231491
231493
231495
219723
228769
219743
219303
231481
219295
219301
219321
230933
231487
219297
237139
219305
219311
219329
230929
219323
219327
219315
230931
230937
231565
219325
231485
222643
219331
219345
219291
219307
219319
230935
231483
219309
219299
231563
231479
231475
219687
219685
219693
231477
231559
219705
219691
219695
219683
219699
230927
219689
219703
231561
219701
219697
219669
219679
219681
219943
219917
231557
219919
231473
231553
230925
231469
231471
222645
219673
231555
219931
219935
230923
219937
231467
219939
219933
219929
219927
231463
219921
231551
219925
230921
219923
231465
230919
227185
227181
220239
230917
227187
230915
232013
227183
227189
232011
227213
232003
227195
227205
227191
227217
227223
227199
227201
227211
227225
220241
232009
227221
231549
227219
231547
232007
227197
220243
230913
227207
232005
220885
227203
227209
227215
227193
233037
233033
233035
235211
222641
222621
228767
227227
230905
233029
227255
227235
230907
230911
233031
233013
227263
233007
233023
233027
227259
231545
233009
227231
227247
227265
227233
227257
231543
233015
227253
227243
222649
227267
227237
227245
227251
233017
227241
227249
227261
230903
230909
233025
227229
233021
227239
233011
233019
220883
233003
222653
233005
233001
232999
232977
220433
232107
232987
232087
220303
220295
220337
220339
232097
232109
232979
220329
220297
220429
232103
232089
220323
220293
220321
220341
232091
232997
220349
220313
232099
231835
232989
232993
220317
222733
220343
220437
220301
232105
232101
220319
232995
222647
223301
231837
231833
232981
220307
220305
220327
220347
232985
220431
220333
232095
232093
232983
232991
220315
220881
222639
232975
220865
220851
232965
222731
231829
231831
232623
220879
220869
222651
232719
232625
232971
223409
232951
232631
232617
232615
220849
232957
232961
232949
232629
220839
220857
235911
220841
220847
220877
232619
220843
220863
220875
220859
232947
232959
232969
232963
220853
220861
220871
232621
232955
232953
220845
232967
232973
221783
235509
221779
232611
235491
235507
232609
221755
221775
221759
231825
235499
221769
235497
221763
235505
221771
221781
221767
235495
235489
232613
235501
221749
221761
221777
221773
231827
221753
221757
221765
235493
221751
235503
232607
235479
221745
231933
235485
235487
221743
231821
234731
221747
231819
231823
235483
221739
235481
221741
221733
235477
221731
221975
221959
221997
222001
231811
232605
221971
221977
221965
221981
237057
231815
237185
221989
221993
221987
221999
231813
221949
221957
221979
221985
221991
231807
231809
235469
231817
235465
221961
221983
221969
221963
221953
221955
221973
221967
221995
235475
235463
221951
232603
235471
237059
222723
221947
221945
222721
235459
232601
222703
222713
235457
222715
222709
222719
222717
232599
222711
222707
222705
235455
240233
235437
222681
235447
235453
222683
222679
222687
235443
222697
222693
232001
231999
235439
222695
222701
222689
237061
232595
232597
222699
237063
222691
232593
232591
235441
231997
222685
235445
222677
223303
223339
223361
223365
232807
223341
223345
223353
232809
223323
223367
232811
223329
223333
223317
223357
235421
223319
223321
223363
232815
234461
223315
235427
235433
223337
223351
223335
232803
231995
232813
232819
223327
232821
237065
223309
223305
223355
223343
223347
232817
235425
237067
235431
223331
223307
223369
223325
232805
235419
234463
223311
223349
235435
227275
227271
223819
232933
223815
227273
235409
235407
223807
223825
227277
235415
235395
235413
223829
223845
232943
235389
235387
223811
232939
232935
232937
235401
227279
223827
223831
227281
235405
232941
223817
223823
223839
235397
235399
235417
232931
232945
223809
223821
223835
227269
235411
235403
223847
235393
237069
235385
235383
223803
223801
232921
227693
227717
227729
227725
235345
235377
232911
235353
235357
237071
232925
228493
235349
235347
237073
232905
227705
235363
227699
227685
227723
227707
232903
227683
227701
227715
227731
232909
232917
235379
235371
232915
232919
227721
227859
227691
232929
232901
227687
227697
227695
227711
227733
227727
232907
232923
227713
227709
232927
235367
235361
237075
237077
227703
227861
235373
235359
227689
227735
232913
235381
235369
232801
235337
228559
228563
232797
232799
228551
235343
235341
228553
228561
228555
228557
237079
235329
235335
232899
235331
228543
228545
228547
228537
228549
228541
235333
228539
235327
230885
230891
230883
236701
233945
230897
230887
231759
233851
230901
232793
231763
230893
230899
235627
230895
230889
231757
235317
237019
230869
230881
231931
235325
237017
230867
235619
235323
230877
230873
237081
235319
232787
235315
230875
232791
230871
232789
232897
230879
235321
235625
232893
232895
232785
231011
230975
235611
230971
234345
230979
231019
234347
230961
230967
234351
231015
235613
230957
234349
230959
235615
230981
230969
230977
235617
232783
231013
237021
230949
232083
235607
230951
235605
231017
232779
231435
231693
232781
231431
231443
231021
235603
231445
231453
231441
235599
235589
231437
231731
231733
235591
235597
231451
231461
235593
231459
231735
237023
231449
235595
231447
231737
237025
237655
231669
237639
238213
238207
238211
231673
237643
231743
231671
237653
231679
231685
237645
237651
237649
238209
239027
237641
237647
238215
231683
231687
231741
231745
231739
231677
239279
231773
231767
231791
238321
231775
239019
239021
231777
231793
239025
239283
233055
231783
238315
238319
239285
231771
231795
231787
238317
232085
231785
233061
238313
239287
231779
231799
231801
231789
231805
239023
231781
231803
239281
238311
239657
239649
234727
239653
238309
231975
231977
232019
231979
231993
239655
231989
239651
231973
231981
231987
238307
231985
239647
231961
238295
231955
232025
232015
239641
231939
231969
238305
238297
231953
232029
238293
232027
238301
239643
238303
232017
231957
234433
238299
231943
239645
231951
231935
231945
231967
232021
231941
232589
232531
232533
232569
238283
232583
232575
232573
238289
232571
238285
239635
232577
232587
238291
239639
232579
239637
232585
232581
238287
238281
232547
239017
232537
232567
232735
232559
239633
232563
239631
232541
232543
232545
238273
232539
232561
232565
238279
232551
232549
232553
238275
239629
232557
232555
238277
232769
238271
233057
232757
239627
232763
232765
232771
232759
232773
232761
233059
232767
238269
232747
232751
233063
239625
238265
232745
238267
232753
232749
239623
239621
232743
233053
233051
233049
232879
239613
238259
233045
232861
239619
234061
232869
238257
239617
238263
232871
234057
232883
232855
233047
239611
239615
233093
232859
238261
232851
232867
232885
233041
234059
233091
233095
232857
233585
233577
233823
234725
233567
238241
234723
239605
233589
237955
233579
239597
233581
238251
233583
238249
239609
239603
233573
234721
238243
239607
238253
238245
238255
233587
239601
239599
233591
238247
238239
239583
233861
233899
233891
233895
239575
239593
233885
233887
233865
238233
233893
233881
233855
233897
238235
239595
239581
233863
233871
238237
239573
233873
233877
233875
239587
239579
233869
233889
233859
233883
239585
239591
233867
233879
239577
239589
233857
233999
239561
239571
233977
239565
233985
239559
233981
233987
233971
239569
239563
233975
233993
233973
239557
233991
233983
233997
238231
239567
233995
233979
233989
234337
234333
238229
234339
239277
234331
234335
238227
234329
234321
234325
239275
239203
234327
234323
239269
234393
238225
234401
239271
234395
234403
238221
234397
238223
239273
234391
234419
234399
234385
234387
234447
238219
239549
239555
239545
239547
239551
234443
234457
234449
234455
234441
234453
238217
239553
234451
234459
234445
234593
234581
239527
234591
239543
234605
234607
239537
234583
234587
234575
234599
239541
239535
239531
234579
234573
234597
239533
234585
234595
234601
239529
238429
234577
234603
239539
234589
235585
234571
234569
239767
234705
234641
234697
234647
234717
234639
234649
238421
239771
239779
239785
239787
234691
234707
234713
239777
239791
238423
234695
234635
234715
238427
239765
239781
234703
234693
234701
239769
234633
234637
234631
234711
238425
239775
239789
234643
234719
239793
234645
234709
239773
239783
234629
234699
234929
234931
234937
238409
234777
234783
234779
238419
234799
239745
239757
239759
234793
239763
234775
234803
238417
234935
239749
239747
234787
234933
238415
239761
234785
239743
238411
239751
234789
239741
239755
234797
238407
239753
234791
238413
235005
239731
235015
235023
235021
235017
239733
234985
235007
237201
239735
234977
238403
239013
239729
239727
237199
238401
235013
235009
237193
237197
235019
239739
237195
238405
239015
238399
239737
234979
235027
235115
235127
239721
237117
237119
235097
236371
235109
235119
237115
235123
235105
237113
235099
239723
235091
239713
239715
235107
235129
239709
239011
235093
235103
235125
239711
239719
239717
239725
235113
240585
240587
240577
239007
240595
240579
235553
235569
235527
235577
237033
237051
240573
237043
235559
235519
235575
235557
235545
240581
235535
235537
237045
239009
239001
235513
235539
237893
235561
235567
237053
240569
238997
239005
238999
240567
240583
235571
237047
237041
239003
240591
237055
235543
235563
237039
235555
237031
237029
237037
240589
237027
235565
235579
240571
240599
240593
240575
240597
237049
237035
235511
240285
238985
236937
235941
238859
235943
235965
238061
235947
235969
235963
235971
235945
235935
236941
235933
235959
238989
238991
240283
240287
240289
236931
236939
238995
240277
236935
236929
236943
238993
240275
236933
238987
240281
240291
237173
235931
235929
240279
235927
236821
236823
236825
238979
240293
236817
237163
236349
240241
236339
236335
238059
240235
240239
240295
238983
240237
236337
238981
236819
236343
238971
236459
238965
236699
236789
240265
236783
240259
238973
240263
240267
236793
236797
236465
236455
240273
238969
240257
236787
236447
236795
238967
238975
240269
236463
236461
240271
240261
238977
236477
236791
236785
238955
238649
240253
240245
238657
238633
238639
238957
238643
240251
238959
238653
238651
238961
238647
238953
240243
238171
238645
238951
238963
238655
238661
238641
238663
