240255
238665
240249
238659
238635
238637
240247
237219
239521
237227
237229
238947
237235
237223
237237
239523
237225
237233
238945
238949
237231
239525
237239
237217
237221
238939
240301
237553
237551
240299
237597
237593
240313
240311
240297
237591
237559
237595
238941
238943
237561
237555
240309
237581
237563
237583
237537
237543
237541
240307
240305
237547
237587
240303
237589
238937
237585
237875
239515
239517
237877
237871
237887
237869
237883
240315
239519
237881
239511
237873
239513
237885
237879
237867
237865
240317
237863
237861
237859
237857
237945
239509
237933
239499
237953
239505
237943
239507
237947
239501
237951
239497
237939
237935
237941
239503
237949
237937
237931
237907
237911
239491
237913
239493
237915
237919
237917
237923
237909
237927
237929
239495
237925
237921
238055
238057
238049
238045
238051
238043
238047
239973
238053
240889
238029
238037
238019
238013
238023
238015
238027
240891
238021
238041
238017
238025
240893
238033
238031
238039
238035
238779
238793
238797
238205
238791
238189
238185
238783
240565
238201
238789
238187
238795
238787
238785
238199
238203
238195
238197
238193
238777
238191
238781
239265
238927
238929
238917
238931
238933
238919
238935
238921
240885
238925
240887
239267
238923
238913
238893
238895
238909
238897
238905
238901
240675
239263
240673
238907
238899
238915
240881
240677
238903
240883
238911
238861
240877
238889
238891
238887
240879
238869
238871
238877
240875
238881
238863
238875
240869
240863
238865
238867
238873
240865
238885
238883
240679
240867
238879
240871
240873
239199
239237
239255
239229
239241
239253
239243
239259
239197
239245
239261
239195
239257
239227
239235
239251
239239
239225
239247
241121
239231
239233
239249
239223
241119
241115
239215
241117
239211
239219
241111
241107
241113
239213
241109
239221
239217
241185
238457
238465
238459
238451
241187
239209
241101
238453
241105
241103
238455
238461
238467
241183
238463
239469
239477
241179
239465
239467
241095
241181
239475
241093
239473
239471
241099
241097
239461
239459
239463
239453
239457
241091
239451
239455
241089
239693
239695
241081
239701
241079
241077
239689
241083
241067
241073
241069
239705
241085
241087
239687
239707
239703
241071
239697
239699
239691
241075
239907
239909
239913
239931
241363
239903
239937
239915
241369
239935
239921
239927
239899
241371
239919
239917
239897
239895
239901
239911
239923
239933
241373
241367
239925
241365
239929
239905
239893
239891
241357
241361
241359
239999
240005
239997
240003
240001
239995
241349
239987
239993
241355
239991
239989
240319
241351
241353
240671
240653
240661
240663
240667
240651
240659
240649
240665
240657
240669
240655
240645
240643
240639
240647
240641
240753
240737
240745
240735
240741
240747
240733
240749
240739
240743
240751
240731
240827
240815
240819
240829
240831
240837
240835
240817
240823
240821
240833
240825
240811
240813
240809
240807
240805
241347
240933
240915
240911
240929
240931
240917
240907
240919
240913
240909
240921
240925
240927
240923
240903
240905
240901
240899
240897
240895
240951
240939
240963
240953
240935
240959
240937
240947
240955
240943
240941
240949
240973
240957
240965
240967
240945
240961
240969
240971
241055
241043
241021
241019
241029
241035
241045
241049
241039
241057
241065
241059
241051
241063
241061
241033
241037
241047
241041
241053
241027
241023
241031
241025
241011
241017
241015
241013
241219
241229
241221
241237
241205
241243
241215
241211
241245
241241
241213
241247
241233
241207
241249
241251
241225
241201
241203
241227
241231
241217
241223
241239
241209
241235
241389
241383
241385
241381
241375
241379
241387
241377
